1075 0.00000438 0.00016189 0.00011415 0.00000146 0.00001539 0.00000223 0.00019191 0.00000309 0.00001749 0.00016438 0.00002785 0.00000274 0.00016696 0.00000364 0.00000141 0.00000141 
1078 0.00016729 0.00002337 0.00003910 0.00011968 0.00005096 0.00036910 0.00002938 0.00112121 0.00004379 0.00002480 0.00020151 0.00046058 0.00003223 0.00016232 0.00047943 0.00085355 
1081 0.00108137 0.00096730 0.00036190 0.00107160 0.00209250 0.00081140 0.00187064 0.00103200 0.00267647 0.00076520 0.00133560 0.00367449 0.00066170 0.00129135 0.00116723 0.00103138 0.00086352 0.00100376 0.00041390 0.00057169 0.00105574 0.00161444 0.00111676 0.00177083 0.00156635 0.00101508 0.00138350 0.00142412 0.00106626 0.00389399 0.00077156 0.00117073 
1084 0.00024213 0.00029134 0.00018382 0.00020525 0.00021513 0.00028856 0.00022099 0.00021213 0.00013018 0.00031599 0.00059749 0.00031472 0.00008274 0.00018183 0.00010275 0.00012485 
1087 0.00027376 0.00030492 0.00047981 0.00038366 0.00029935 0.00047414 0.00032315 0.00040330 0.00055404 0.00045095 0.00080105 0.00023976 0.00067196 0.00086630 0.00031835 0.00024253 
1090 0.00017264 0.00007646 0.00007750 0.00014729 0.00006889 0.00008206 0.00005797 0.00006503 0.00014482 0.00021465 0.00019919 0.00176695 0.00006848 0.00029278 0.00006040 0.00006543 
1093 0.00133300 0.00497104 0.00165354 0.00169123 0.00417348 0.00240705 0.00144524 0.00291963 0.00147408 0.00182881 0.00155755 0.00018602 0.00208261 0.00135731 0.00159400 0.00323815 
1096 0.00060706 0.00065251 0.00076005 0.00053849 0.00061401 0.00041050 0.00026974 0.00036877 0.00032050 0.00033351 0.00041007 0.00030893 0.00122121 0.00169976 0.00065867 0.00018058 
1099 0.00013322 0.00003093 0.00034491 0.00009793 0.00003849 0.00053571 0.00006492 0.00034876 0.00003442 0.00005592 0.00038754 0.00007562 0.00019039 0.00016205 0.00017049 0.00035129 0.00000000 0.00004249 0.00010610 0.00006001 0.00009865 0.00046003 0.00005995 0.00005828 0.00034583 0.00047656 0.00018979 0.00028661 0.00023947 0.00013852 0.00008017 0.00013052 
1102 0.00049282 0.00109525 0.00011841 0.00096708 0.00142996 0.00007104 0.00072647 0.00007483 0.00162563 0.00068338 0.00008731 0.00087734 0.00022440 0.00029092 0.00013653 0.00013608 0.00000000 0.00146439 0.00064997 0.00061675 0.00051224 0.00007383 0.00054439 0.00107249 0.00024436 0.00016432 0.00022174 0.00010752 0.00020375 0.00036007 0.00026736 0.00040808 
1105 0.00070247 0.00048756 0.00046806 0.00038394 0.00043113 0.00051164 0.00054160 0.00094716 0.00042926 0.00062245 0.00048164 0.00060456 0.00118706 0.00026532 0.00051653 0.00072241 0.00049540 0.00048978 0.00096033 0.00079391 0.00053044 0.00043045 0.00052654 0.00063816 0.00056799 0.00069210 0.00067387 0.00077576 0.00063588 0.00041829 0.00074782 0.00102211 0.00057717 0.00042245 0.00070794 0.00042702 0.00068282 0.00052425 0.00053547 0.00091503 0.00056779 0.00063316 0.00076890 0.00043425 0.00095394 0.00052794 0.00077400 0.00037103 0.00023183 0.00047276 0.00054900 0.00103790 0.00045017 0.00082435 0.00046156 0.00029677 0.00045328 0.00050691 0.00092703 0.00083561 0.00062367 0.00048394 0.00061847 0.00095906 
1108 0.00007838 0.00005045 0.00007548 0.00010059 0.00007239 0.00004531 0.00008294 0.00006967 0.00005062 0.00019641 0.00012906 0.00006423 0.00006666 0.00009033 0.00006955 0.00004633 0.00006132 0.00004238 0.00009073 0.00007017 0.00010909 0.00005949 0.00007097 0.00005850 0.00009056 0.00008852 0.00006341 0.00012002 0.00006449 0.00006438 0.00012986 0.00007207 
1111 0.00013092 0.00032122 0.00026389 0.00014825 0.00021034 0.00031533 0.00025213 0.00047435 0.00018907 0.00023848 0.00033568 0.00030798 0.00047791 0.00029207 0.00024960 0.00014331 0.00044950 0.00014223 0.00034985 0.00017821 0.00015540 0.00025180 0.00031803 0.00015653 0.00031670 0.00016634 0.00047073 0.00022951 0.00012107 0.00022349 0.00014547 0.00028990 
1114 0.00000000 0.00004414 0.00012570 0.00004783 0.00010682 0.00010747 0.00008229 0.00011165 0.00003267 0.00004569 0.00007585 0.00014303 0.00004930 0.00005393 0.00004237 0.00032116 0.00011481 0.00006573 0.00008561 0.00009605 0.00006182 0.00010406 0.00005190 0.00007675 0.00006100 0.00012036 0.00016017 0.00027184 0.00004355 0.00016193 0.00005352 0.00004598 
1117 0.00000000 0.00049450 0.00022691 0.00067229 0.00047498 0.00023566 0.00037365 0.00024123 0.00123418 0.00052663 0.00038759 0.00019335 0.00050276 0.00033929 0.00049032 0.00010171 0.00024596 0.00053920 0.00041205 0.00029137 0.00055209 0.00034915 0.00045779 0.00054371 0.00066120 0.00029631 0.00018998 0.00022721 0.00056612 0.00018116 0.00067718 0.00077818 
1120 0.00014112 0.00022499 0.00022734 0.00025436 0.00016025 0.00017060 0.00026378 0.00032248 0.00027173 0.00015610 0.00035857 0.00017602 0.00010925 0.00014482 0.00012103 0.00014862 0.00011264 0.00017203 0.00013742 0.00021526 0.00020839 0.00010360 0.00012553 0.00014349 0.00016119 0.00011041 0.00024608 0.00025095 0.00022890 0.00014692 0.00028738 0.00018479 
1123 0.00007275 0.00004763 0.00009779 0.00011135 0.00019846 0.00010856 0.00014070 0.00009863 0.00014064 0.00009306 0.00005069 0.00010243 0.00007273 0.00023314 0.00015952 0.00029193 0.00057172 0.00006033 0.00011498 0.00011200 0.00009923 0.00006317 0.00008106 0.00031635 0.00008527 0.00022821 0.00005364 0.00007255 0.00004174 0.00011559 0.00009730 0.00013734 
1126 0.00064159 0.00087458 0.00039451 0.00065420 0.00019054 0.00031657 0.00014246 0.00050750 0.00040138 0.00037532 0.00096019 0.00027344 0.00061407 0.00012185 0.00025885 0.00022403 0.00011403 0.00048960 0.00079730 0.00043404 0.00058440 0.00084437 0.00071120 0.00014444 0.00040814 0.00013698 0.00038065 0.00120573 0.00073628 0.00047931 0.00053677 0.00050654 
1129 0.00020116 0.00019029 0.00014570 0.00013037 0.00009522 0.00021998 0.00018387 0.00012373 0.00012839 0.00015861 0.00008527 0.00010153 0.00016429 0.00018483 0.00017994 0.00013080 0.00011481 0.00022760 0.00014357 0.00014269 0.00032343 0.00011364 0.00014667 0.00020159 0.00011112 0.00011266 0.00004377 0.00018266 0.00011563 0.00019237 0.00015171 0.00011860 
1132 0.00018996 0.00028919 0.00017710 0.00014248 0.00014321 0.00017246 0.00004771 0.00012381 0.00018442 0.00015839 0.00011099 0.00019051 0.00012288 0.00009135 0.00018879 0.00022141 0.00006969 0.00018538 0.00017926 0.00011999 0.00023525 0.00006954 0.00008711 0.00028666 0.00012344 0.00025254 0.00009943 0.00022510 0.00016478 0.00026285 0.00010366 0.00028583 
1135 0.00024423 0.00011128 0.00014210 0.00023913 0.00019602 0.00013233 0.00058831 0.00024152 0.00017081 0.00019833 0.00025067 0.00017193 0.00017869 0.00028180 0.00022492 0.00011970 0.00037904 0.00007523 0.00017220 0.00058386 0.00007535 0.00032866 0.00039367 0.00035455 0.00029341 0.00019887 0.00034790 0.00007832 0.00013854 0.00021513 0.00038939 0.00010035 
1138 0.00040584 0.00040422 0.00037872 0.00020928 0.00042973 0.00025101 0.00026170 0.00015489 0.00034256 0.00027619 0.00007014 0.00017418 0.00047929 0.00022785 0.00029320 0.00018475 0.00025003 0.00031768 0.00020966 0.00042215 0.00018585 0.00026306 0.00038590 0.00017007 0.00017185 0.00017743 0.00005489 0.00025209 0.00022584 0.00056465 0.00026277 0.00037180 
1141 0.00014851 0.00030066 0.00022685 0.00020219 0.00022276 0.00025025 0.00032039 0.00019696 0.00025549 0.00023237 0.00016254 0.00017970 0.00033158 0.00032450 0.00045421 0.00030143 0.00011943 0.00022144 0.00012748 0.00019786 0.00036905 0.00013150 0.00018637 0.00024841 0.00021283 0.00011456 0.00032582 0.00035898 0.00012635 0.00027662 0.00018520 0.00015237 0.00014873 0.00018978 0.00024583 0.00016325 0.00024238 0.00033220 0.00021313 0.00034991 0.00028314 0.00012961 0.00015104 0.00023728 0.00016476 0.00015817 0.00019964 0.00034303 0.00030834 0.00025422 0.00017788 0.00015224 0.00025208 0.00028250 0.00026717 0.00018526 0.00020201 0.00018967 0.00032494 0.00016966 0.00014214 0.00022380 0.00009768 0.00025650 
1144 0.00009755 0.00008951 0.00010844 0.00008726 0.00012088 0.00012451 0.00011041 0.00012076 0.00015566 0.00011838 0.00013319 0.00008864 0.00009084 0.00009797 0.00006929 0.00011435 0.00011014 0.00005650 0.00010861 0.00009476 0.00014898 0.00012038 0.00011742 0.00011150 0.00010487 0.00014167 0.00011666 0.00008470 0.00009594 0.00011172 0.00012234 0.00016773 0.00012212 0.00010339 0.00012622 0.00008896 0.00011973 0.00011113 0.00014685 0.00009897 0.00008529 0.00010328 0.00010754 0.00011358 0.00008055 0.00009542 0.00010516 0.00011499 0.00009646 0.00028926 0.00008450 0.00010548 0.00011243 0.00009365 0.00011517 0.00016046 0.00010485 0.00011616 0.00013389 0.00011066 0.00007165 0.00011858 0.00011349 0.00011062 
1147 0.00022755 0.00019548 0.00022420 0.00026165 0.00014954 0.00017960 0.00018520 0.00019040 0.00026296 0.00018531 0.00037599 0.00036376 0.00060945 0.00035349 0.00020956 0.00022127 0.00025448 0.00062829 0.00031602 0.00030917 0.00026090 0.00020105 0.00036971 0.00039350 0.00025619 0.00033839 0.00018548 0.00024149 0.00048706 0.00018455 0.00041755 0.00026865 0.00021554 0.00032920 0.00036792 0.00017841 0.00021499 0.00013819 0.00041414 0.00044648 0.00040463 0.00046234 0.00041506 0.00017740 0.00015040 0.00020210 0.00023274 0.00029223 0.00047720 0.00023653 0.00053419 0.00018596 0.00035941 0.00017482 0.00021943 0.00031960 0.00028228 0.00030431 0.00037571 0.00035362 0.00015046 0.00041604 0.00022931 0.00017985 0.00041618 0.00033225 0.00040522 0.00035154 0.00030032 0.00041652 0.00044442 0.00035838 0.00036199 0.00036638 0.00033675 0.00032315 0.00036672 0.00019451 0.00032179 0.00030908 0.00029578 0.00054002 0.00027738 0.00044427 0.00030528 0.00026487 0.00031765 0.00039253 0.00037094 0.00028345 0.00036658 0.00046395 0.00028349 0.00016947 0.00041522 0.00023073 0.00015554 0.00021289 0.00038824 0.00021204 0.00062261 0.00035002 0.00011936 0.00039157 0.00019222 0.00048633 0.00030470 0.00015014 0.00036907 0.00032638 0.00014617 0.00042318 0.00045762 0.00038043 0.00016175 0.00043437 0.00089087 0.00025926 0.00041475 0.00018497 0.00040945 0.00027821 0.00038396 0.00042027 0.00035443 0.00046844 0.00064150 0.00015718 
1150 0.00011615 0.00003849 0.00003360 0.00003261 0.00003930 0.00006247 0.00008287 0.00007759 0.00006251 0.00003584 0.00003403 0.00005413 0.00009019 0.00004871 0.00003751 0.00004855 0.00004033 0.00015131 0.00005532 0.00003820 0.00002767 0.00004587 0.00004478 0.00009637 0.00006122 0.00003901 0.00004867 0.00005482 0.00002850 0.00003053 0.00005945 0.00004356 0.00003418 0.00004109 0.00004723 0.00004618 0.00004555 0.00005247 0.00004320 0.00004087 0.00003535 0.00004273 0.00006301 0.00003594 0.00003455 0.00005390 0.00004892 0.00011691 0.00005268 0.00004515 0.00003563 0.00004487 0.00004839 0.00004011 0.00004997 0.00004933 0.00003577 0.00003508 0.00002928 0.00003360 0.00003623 0.00004148 0.00006863 0.00006832 
1153 0.00009173 0.00019055 0.00021575 0.00012754 0.00011732 0.00011854 0.00017259 0.00012607 0.00010649 0.00015521 0.00015238 0.00021264 0.00017541 0.00021169 0.00018523 0.00016852 0.00009600 0.00016282 0.00013166 0.00013038 0.00012746 0.00030040 0.00016921 0.00012385 0.00013153 0.00015460 0.00013319 0.00021008 0.00011751 0.00009882 0.00018935 0.00013894 0.00012696 0.00010732 0.00016276 0.00026687 0.00016308 0.00012659 0.00019583 0.00025548 0.00017568 0.00017943 0.00017474 0.00011117 0.00011382 0.00012460 0.00013977 0.00015299 0.00016548 0.00018274 0.00031751 0.00022684 0.00010297 0.00012909 0.00017475 0.00026051 0.00009745 0.00022079 0.00015175 0.00012484 0.00010572 0.00022630 0.00018406 0.00013755 
1156 0.00003946 0.00006250 0.00006447 0.00003788 0.00006406 0.00004842 0.00006717 0.00009329 0.00007207 0.00004669 0.00005719 0.00010874 0.00020941 0.00004524 0.00006122 0.00005920 0.00016229 0.00004590 0.00010127 0.00004015 0.00003991 0.00005295 0.00004861 0.00004660 0.00004156 0.00006275 0.00007285 0.00004357 0.00000000 0.00006971 0.00003745 0.00005641 0.00005381 0.00004375 0.00018551 0.00003994 0.00015765 0.00003212 0.00020794 0.00017156 0.00020385 0.00004151 0.00007506 0.00004759 0.00014104 0.00004971 0.00012177 0.00007830 0.00008137 0.00003881 0.00009190 0.00002998 0.00008482 0.00003842 0.00005728 0.00004981 0.00007140 0.00005064 0.00005244 0.00005133 0.00004914 0.00004380 0.00009697 0.00007261 
1159 0.00080106 0.00123959 0.00075093 0.00058941 0.00105034 0.00072793 0.00128762 0.00037318 0.00040935 0.00093521 0.00096000 0.00064662 0.00014218 0.00110842 0.00090611 0.00085229 0.00044713 0.00074460 0.00036593 0.00130995 0.00114859 0.00104229 0.00081061 0.00127408 0.00114584 0.00047410 0.00122422 0.00054381 0.00000000 0.00039953 0.00107541 0.00044093 0.00084494 0.00113662 0.00006038 0.00131553 0.00063433 0.00128504 0.00010693 0.00026009 0.00030442 0.00110423 0.00033853 0.00073373 0.00032260 0.00101461 0.00057206 0.00112708 0.00075548 0.00102859 0.00033681 0.00096371 0.00041254 0.00126641 0.00083501 0.00100399 0.00031775 0.00094873 0.00053921 0.00123746 0.00041144 0.00114542 0.00008053 0.00049124 
1162 0.00019666 0.00004132 0.00011469 0.00018460 0.00009745 0.00012085 0.00005220 0.00005853 0.00019702 0.00006159 0.00007033 0.00014100 0.00027798 0.00009084 0.00006596 0.00009784 0.00009473 0.00004715 0.00008942 0.00005316 0.00010031 0.00006498 0.00007809 0.00009412 0.00016340 0.00008169 0.00006446 0.00007316 0.00007521 0.00005675 0.00014159 0.00007414 0.00008822 0.00015116 0.00008114 0.00006517 0.00004457 0.00012341 0.00004764 0.00006082 0.00017358 0.00010707 0.00012565 0.00014862 0.00023944 0.00031624 0.00008112 0.00035619 0.00016105 0.00010810 0.00006801 0.00008258 0.00006714 0.00010906 0.00010080 0.00009469 0.00008277 0.00009776 0.00012062 0.00006794 0.00005815 0.00008550 0.00016683 0.00018503 
1165 0.00007017 0.00012114 0.00015545 0.00011800 0.00003850 0.00016951 0.00003108 0.00005497 0.00004766 0.00023142 0.00006743 0.00017404 0.00002386 0.00018125 0.00023018 0.00006450 0.00006407 0.00004887 0.00002274 0.00014273 0.00010155 0.00019904 0.00030634 0.00014776 0.00004204 0.00003726 0.00009115 0.00015779 0.00013925 0.00014986 0.00012772 0.00021443 0.00005330 0.00019435 0.00007022 0.00027635 0.00023210 0.00013074 0.00002533 0.00000989 0.00004914 0.00023442 0.00010559 0.00028393 0.00025279 0.00020636 0.00003893 0.00006977 0.00012091 0.00011453 0.00010260 0.00006156 0.00002858 0.00014043 0.00020245 0.00016003 0.00003357 0.00003198 0.00017656 0.00005477 0.00010180 0.00020583 0.00009960 0.00011749 
1168 0.00039327 0.00019373 0.00013836 0.00010362 0.00040636 0.00012170 0.00074542 0.00044044 0.00040393 0.00025660 0.00039014 0.00013770 0.00083564 0.00017396 0.00015473 0.00054962 0.00021902 0.00053123 0.00114914 0.00028355 0.00034658 0.00006881 0.00015619 0.00024185 0.00055020 0.00088192 0.00030900 0.00031534 0.00027437 0.00027835 0.00041525 0.00027257 0.00034791 0.00010398 0.00052062 0.00013214 0.00008914 0.00015630 0.00085518 0.00179213 0.00076538 0.00007225 0.00024369 0.00018777 0.00012030 0.00027840 0.00024918 0.00023682 0.00012619 0.00045753 0.00032165 0.00035487 0.00077453 0.00014597 0.00022894 0.00030030 0.00069959 0.00047810 0.00014901 0.00016744 0.00009753 0.00017664 0.00035113 0.00020554 
1171 0.00010749 0.00019725 0.00034757 0.00014584 0.00010453 0.00020999 0.00005926 0.00010798 0.00023237 0.00010495 0.00025417 0.00022986 0.00023333 0.00024043 0.00011583 0.00025055 0.00026800 0.00027017 0.00012370 0.00016169 0.00015785 0.00010296 0.00026152 0.00027569 0.00018517 0.00043717 0.00018427 0.00009797 0.00008537 0.00018797 0.00013613 0.00019409 0.00016410 0.00016073 0.00014617 0.00016249 0.00013696 0.00010520 0.00011408 0.00010689 0.00013636 0.00015885 0.00027655 0.00018074 0.00014667 0.00009201 0.00023302 0.00052833 0.00026157 0.00018116 0.00010870 0.00019415 0.00012987 0.00011922 0.00017263 0.00011003 0.00017942 0.00025090 0.00023905 0.00031197 0.00012351 0.00009946 0.00033180 0.00020535 
1174 0.00021200 0.00015473 0.00005767 0.00017725 0.00007107 0.00015057 0.00011527 0.00003193 0.00012145 0.00029307 0.00013511 0.00032045 0.00006898 0.00018915 0.00016827 0.00014841 0.00013634 0.00005077 0.00021679 0.00014810 0.00013837 0.00025947 0.00022739 0.00008054 0.00024648 0.00012383 0.00004062 0.00013364 0.00014456 0.00025963 0.00017045 0.00013311 0.00009603 0.00013922 0.00019604 0.00014205 0.00013548 0.00013375 0.00005392 0.00014000 0.00029038 0.00016977 0.00015312 0.00017080 0.00018094 0.00018489 0.00020588 0.00004389 0.00004773 0.00015726 0.00015911 0.00007801 0.00013293 0.00016583 0.00012232 0.00016423 0.00008375 0.00016723 0.00007370 0.00006078 0.00011433 0.00019159 0.00007215 0.00018070 
1177 0.00019957 0.00014579 0.00032983 0.00013767 0.00034326 0.00014727 0.00011912 0.00044038 0.00017702 0.00017157 0.00012786 0.00014495 0.00031543 0.00019167 0.00015113 0.00015946 0.00025433 0.00029044 0.00014627 0.00021056 0.00014843 0.00009767 0.00014097 0.00027739 0.00007318 0.00024239 0.00061747 0.00031048 0.00014457 0.00026795 0.00021441 0.00024256 0.00015480 0.00009240 0.00022842 0.00023070 0.00020300 0.00013454 0.00042171 0.00017679 0.00016922 0.00013222 0.00018275 0.00009316 0.00013072 0.00012339 0.00015043 0.00040539 0.00036890 0.00038818 0.00018413 0.00040023 0.00035489 0.00015192 0.00026356 0.00016803 0.00015326 0.00027463 0.00034850 0.00025215 0.00025819 0.00014498 0.00026241 0.00013708 
1180 0.00026282 0.00011878 0.00031478 0.00037392 0.00013128 0.00022390 0.00025582 0.00028414 0.00036903 0.00022137 0.00046118 0.00053095 0.00018567 0.00017717 0.00015624 0.00021027 0.00054203 0.00048647 0.00021073 0.00022783 0.00017345 0.00023913 0.00040116 0.00063713 0.00017732 0.00046555 0.00022749 0.00024897 0.00014070 0.00075552 0.00020960 0.00023782 0.00019942 0.00019950 0.00011375 0.00026527 0.00028186 0.00013122 0.00020660 0.00012296 0.00025926 0.00015429 0.00047552 0.00028264 0.00020272 0.00010965 0.00047839 0.00031965 0.00014218 0.00021231 0.00079528 0.00018932 0.00020505 0.00021011 0.00024752 0.00016092 0.00024222 0.00023272 0.00015392 0.00015367 0.00023164 0.00014163 0.00071547 0.00014421 
1183 0.00020580 0.00013722 0.00008721 0.00012644 0.00020484 0.00008854 0.00029199 0.00008991 0.00008727 0.00023075 0.00011287 0.00013594 0.00013665 0.00020758 0.00021360 0.00015330 0.00008464 0.00014220 0.00017910 0.00010845 0.00009010 0.00008741 0.00018913 0.00034001 0.00014604 0.00019935 0.00011611 0.00013119 0.00007857 0.00009706 0.00008346 0.00010711 0.00019366 0.00009953 0.00018908 0.00009233 0.00021156 0.00014497 0.00009314 0.00010655 0.00020573 0.00027241 0.00017988 0.00008395 0.00008422 0.00012290 0.00008189 0.00009613 0.00007329 0.00023106 0.00012872 0.00011129 0.00016428 0.00020497 0.00017498 0.00012403 0.00018100 0.00022613 0.00020307 0.00018530 0.00008496 0.00017668 0.00006087 0.00009264 0.00009487 0.00029939 0.00013706 0.00014682 0.00015403 0.00008373 0.00008396 0.00007198 0.00017247 0.00017022 0.00008407 0.00014579 0.00024157 0.00007209 0.00011797 0.00012236 0.00014399 0.00024027 0.00015178 0.00011801 0.00013788 0.00008608 0.00022556 0.00013616 0.00010866 0.00013363 0.00009632 0.00016438 0.00018792 0.00026441 0.00014183 0.00009492 0.00020977 0.00015618 0.00025685 0.00023728 0.00008461 0.00010503 0.00015038 0.00012472 0.00013156 0.00015052 0.00012667 0.00009246 0.00014295 0.00011402 0.00013758 0.00023215 0.00009204 0.00006976 0.00012812 0.00007765 0.00023158 0.00026297 0.00015913 0.00020284 0.00025766 0.00021678 0.00013898 0.00013339 0.00013844 0.00013236 0.00025721 0.00010259 
1186 0.00008212 0.00009339 0.00008206 0.00007373 0.00006142 0.00010066 0.00006356 0.00013900 0.00008808 0.00009333 0.00009933 0.00009678 0.00014520 0.00009492 0.00007287 0.00008992 0.00011021 0.00007691 0.00009171 0.00011527 0.00009176 0.00012267 0.00010867 0.00009977 0.00009999 0.00007731 0.00008747 0.00007591 0.00011845 0.00014044 0.00008316 0.00011666 0.00009616 0.00009467 0.00008301 0.00008747 0.00009391 0.00012090 0.00008142 0.00008365 0.00012149 0.00007154 0.00012527 0.00009181 0.00008719 0.00009886 0.00008554 0.00009809 0.00007472 0.00009055 0.00010971 0.00008968 0.00007683 0.00006776 0.00011014 0.00006726 0.00008133 0.00012266 0.00035400 0.00009669 0.00009479 0.00008445 0.00011468 0.00010901 0.00008007 0.00008173 0.00009446 0.00007771 0.00012231 0.00006986 0.00007376 0.00009375 0.00008735 0.00012559 0.00008628 0.00010322 0.00013681 0.00010204 0.00009904 0.00009583 0.00007190 0.00007968 0.00010556 0.00007218 0.00009207 0.00008976 0.00010484 0.00009215 0.00008489 0.00008459 0.00013850 0.00010261 0.00012082 0.00012440 0.00008753 0.00011355 0.00009522 0.00009339 0.00008498 0.00013828 0.00007433 0.00019720 0.00010801 0.00005662 0.00007002 0.00009253 0.00009441 0.00007955 0.00008005 0.00010972 0.00010825 0.00011551 0.00008461 0.00007769 0.00011245 0.00009194 0.00009027 0.00009833 0.00010658 0.00010173 0.00010137 0.00008422 0.00009515 0.00011631 0.00009734 0.00008318 0.00009584 0.00009967 
1189 0.00018525 0.00025516 0.00016247 0.00035248 0.00020396 0.00028562 0.00020211 0.00028838 0.00020000 0.00032482 0.00017362 0.00018927 0.00018922 0.00014496 0.00013629 0.00022253 0.00019038 0.00020286 0.00031475 0.00020907 0.00039914 0.00013886 0.00017104 0.00029101 0.00021339 0.00031126 0.00016907 0.00016803 0.00017683 0.00025199 0.00018699 0.00018751 0.00027398 0.00018312 0.00017493 0.00018596 0.00029774 0.00017841 0.00016770 0.00013735 0.00023218 0.00012980 0.00021486 0.00019998 0.00023470 0.00041049 0.00015356 0.00024162 0.00021539 0.00031668 0.00021955 0.00021017 0.00033660 0.00032613 0.00014718 0.00018558 0.00012642 0.00017164 0.00026687 0.00020036 0.00020642 0.00020632 0.00033563 0.00021662 0.00033847 0.00013609 0.00022348 0.00021256 0.00050502 0.00026755 0.00016606 0.00021687 0.00025944 0.00015239 0.00020526 0.00022906 0.00018568 0.00045476 0.00015614 0.00032458 0.00025697 0.00027519 0.00028627 0.00022181 0.00020144 0.00016412 0.00016246 0.00021590 0.00024354 0.00020813 0.00017461 0.00043665 0.00043549 0.00021236 0.00032410 0.00015044 0.00018112 0.00016341 0.00047674 0.00022506 0.00024708 0.00019113 0.00042665 0.00021807 0.00016451 0.00016565 0.00037868 0.00021671 0.00021478 0.00018404 0.00016420 0.00030367 0.00041522 0.00018635 0.00024841 0.00019807 0.00012871 0.00020845 0.00026773 0.00023160 0.00015799 0.00027343 0.00026862 0.00021018 0.00016633 0.00021534 0.00017521 0.00030096 0.00020666 0.00021185 0.00021503 0.00012814 0.00030136 0.00015416 0.00021368 0.00017874 0.00018794 0.00018952 0.00023875 0.00043564 0.00015366 0.00023743 0.00020380 0.00020903 0.00036097 0.00014261 0.00020489 0.00014591 0.00028105 0.00026621 0.00021284 0.00022333 0.00016260 0.00023172 0.00023534 0.00041946 0.00037726 0.00014782 0.00015482 0.00017359 0.00020860 0.00011540 0.00017548 0.00028087 0.00019117 0.00023496 0.00025619 0.00026469 0.00023712 0.00017833 0.00019397 0.00023074 0.00027883 0.00015194 0.00016968 0.00025469 0.00026997 0.00025212 0.00022547 0.00015554 0.00018527 0.00022416 0.00023979 0.00028434 0.00023550 0.00013766 0.00018005 0.00032837 0.00025177 0.00016793 0.00033674 0.00019127 0.00026547 0.00015108 0.00020496 0.00020045 0.00021210 0.00024828 0.00014831 0.00021868 0.00024682 0.00021332 0.00017714 0.00025228 0.00041327 0.00039921 0.00027813 0.00020129 0.00025866 0.00014030 0.00022327 0.00014219 0.00016496 0.00023329 0.00014651 0.00014930 0.00025314 0.00025490 0.00027458 0.00020119 0.00025074 0.00026658 0.00014029 0.00019031 0.00016280 0.00039686 0.00014727 0.00023492 0.00015612 0.00016414 0.00017664 0.00031813 0.00020758 0.00017780 0.00027203 0.00021222 0.00024410 0.00017478 0.00039508 0.00014810 0.00017857 0.00036997 0.00038915 0.00018175 0.00020136 0.00023878 0.00028405 0.00027600 0.00025852 0.00017586 0.00019989 0.00016594 0.00021028 0.00019299 0.00022444 0.00024390 
1192 0.00005165 0.00006582 0.00006226 0.00006941 0.00004943 0.00007997 0.00005359 0.00005932 0.00007606 0.00005404 0.00006002 0.00005089 0.00009027 0.00007236 0.00008348 0.00009526 0.00006557 0.00007489 0.00006654 0.00008524 0.00006818 0.00005579 0.00015147 0.00011664 0.00005459 0.00010611 0.00008382 0.00004754 0.00007196 0.00004888 0.00007524 0.00006013 0.00006010 0.00005809 0.00006660 0.00015158 0.00005388 0.00004809 0.00013555 0.00006015 0.00009347 0.00006717 0.00007920 0.00005874 0.00005443 0.00005907 0.00006405 0.00005864 0.00007301 0.00006416 0.00017718 0.00007797 0.00007133 0.00005018 0.00007199 0.00005418 0.00005613 0.00009691 0.00005319 0.00004843 0.00005117 0.00013492 0.00012419 0.00004950 0.00009397 0.00012545 0.00006762 0.00005853 0.00005840 0.00014481 0.00007798 0.00007268 0.00005950 0.00009757 0.00028942 0.00006398 0.00008995 0.00008137 0.00006071 0.00005926 0.00005459 0.00005396 0.00008064 0.00007977 0.00005731 0.00005724 0.00007331 0.00005483 0.00021691 0.00005335 0.00010410 0.00008364 0.00010424 0.00010903 0.00012292 0.00006909 0.00006481 0.00005526 0.00005943 0.00005115 0.00007092 0.00011897 0.00006033 0.00007132 0.00005576 0.00006343 0.00008687 0.00006139 0.00004753 0.00009088 0.00005650 0.00006930 0.00007361 0.00005463 0.00006206 0.00008257 0.00005592 0.00006906 0.00006027 0.00004420 0.00007529 0.00005548 0.00010309 0.00007318 0.00008288 0.00010833 0.00004877 0.00005806 
1195 0.00009472 0.00004475 0.00003409 0.00007306 0.00011444 0.00005601 0.00007300 0.00006305 0.00009875 0.00010614 0.00004630 0.00006592 0.00058312 0.00004427 0.00012632 0.00017267 0.00021626 0.00007797 0.00007502 0.00011178 0.00011279 0.00009750 0.00006603 0.00004397 0.00005211 0.00018435 0.00007165 0.00005925 0.00017764 0.00006538 0.00006353 0.00003293 0.00007940 0.00006392 0.00005367 0.00016253 0.00007137 0.00007117 0.00004126 0.00008324 0.00008766 0.00008144 0.00007384 0.00004687 0.00003243 0.00008558 0.00017939 0.00005031 0.00008967 0.00004138 0.00003156 0.00006141 0.00007760 0.00008211 0.00004190 0.00003627 0.00005625 0.00004405 0.00005758 0.00003789 0.00006617 0.00009104 0.00010720 0.00005040 0.00013584 0.00007327 0.00005865 0.00005496 0.00005032 0.00004949 0.00015624 0.00006202 0.00008940 0.00007144 0.00005917 0.00015086 0.00012003 0.00006604 0.00006751 0.00007508 0.00006306 0.00003355 0.00004083 0.00013266 0.00004221 0.00013162 0.00005992 0.00011907 0.00018296 0.00003293 0.00010805 0.00003657 0.00005687 0.00005414 0.00005834 0.00010488 0.00011579 0.00014067 0.00009612 0.00010336 0.00004829 0.00022400 0.00013002 0.00009573 0.00010345 0.00012017 0.00011597 0.00007064 0.00014815 0.00005112 0.00004485 0.00007855 0.00005474 0.00019628 0.00005882 0.00004278 0.00006846 0.00005698 0.00004686 0.00005884 0.00005723 0.00009406 0.00005899 0.00008010 0.00004369 0.00003312 0.00008429 0.00007104 0.00006241 0.00008358 0.00003481 0.00003596 0.00015381 0.00017504 0.00003708 0.00002979 0.00006134 0.00011375 0.00006072 0.00004811 0.00016687 0.00008445 0.00004459 0.00009186 0.00010468 0.00005257 0.00004464 0.00008403 0.00006794 0.00005852 0.00007348 0.00015235 0.00022207 0.00011196 0.00017649 0.00004464 0.00009756 0.00009832 0.00005726 0.00028332 0.00015449 0.00002981 0.00007504 0.00010993 0.00011582 0.00033278 0.00005872 0.00017123 0.00004648 0.00003370 0.00007289 0.00007013 0.00003042 0.00015106 0.00004736 0.00008925 0.00004967 0.00010065 0.00004781 0.00004373 0.00007618 0.00017168 0.00011562 0.00010066 0.00019548 0.00013576 0.00010358 0.00022119 0.00015138 0.00007277 0.00006688 0.00005702 0.00006606 0.00005543 0.00004684 0.00025950 0.00013356 0.00013341 0.00003628 0.00012180 0.00004467 0.00004914 0.00005133 0.00003535 0.00006912 0.00009220 0.00008768 0.00005006 0.00003797 0.00003136 0.00009164 0.00005621 0.00006133 0.00007524 0.00005433 0.00013702 0.00004707 0.00008655 0.00003676 0.00016296 0.00014059 0.00009322 0.00009849 0.00005397 0.00004840 0.00005131 0.00005239 0.00003356 0.00005000 0.00004753 0.00009739 0.00006875 0.00013828 0.00007135 0.00003567 0.00009345 0.00006485 0.00014486 0.00008906 0.00003945 0.00004367 0.00004183 0.00003650 0.00020367 0.00011442 0.00007293 0.00005309 0.00004252 0.00005106 0.00003112 0.00004819 0.00011338 0.00004672 0.00004695 0.00004261 0.00010835 
1198 0.00009143 0.00013228 0.00014666 0.00016004 0.00031203 0.00009732 0.00015174 0.00010671 0.00012604 0.00014512 0.00011275 0.00016959 0.00043026 0.00030525 0.00015395 0.00018598 0.00008474 0.00012720 0.00017853 0.00015815 0.00023826 0.00014725 0.00013961 0.00009064 0.00037942 0.00008205 0.00012786 0.00009446 0.00007353 0.00017821 0.00008932 0.00012128 0.00010018 0.00008290 0.00020552 0.00022759 0.00035870 0.00013861 0.00046964 0.00033283 0.00040122 0.00008042 0.00021719 0.00009355 0.00008458 0.00029323 0.00026902 0.00010560 0.00019622 0.00009892 0.00022829 0.00026521 0.00036645 0.00007744 0.00008314 0.00016769 0.00014108 0.00011458 0.00008932 0.00028088 0.00014091 0.00013153 0.00024758 0.00030129 0.00025558 0.00010460 0.00013505 0.00024641 0.00031301 0.00011725 0.00019303 0.00009192 0.00019801 0.00010714 0.00008792 0.00013847 0.00024558 0.00019890 0.00009620 0.00010591 0.00008932 0.00008995 0.00059345 0.00009374 0.00025343 0.00029616 0.00020563 0.00028155 0.00020518 0.00037821 0.00009870 0.00042441 0.00010888 0.00009338 0.00020316 0.00009689 0.00046255 0.00017108 0.00015019 0.00012809 0.00011089 0.00017268 0.00047782 0.00009670 0.00037942 0.00058514 0.00014370 0.00007261 0.00012089 0.00029029 0.00014376 0.00014503 0.00020732 0.00011068 0.00011969 0.00007419 0.00012205 0.00012662 0.00014952 0.00009403 0.00021391 0.00013642 0.00012256 0.00012817 0.00046884 0.00019656 0.00010943 0.00035188 
1201 0.00018674 0.00014652 0.00015948 0.00012329 0.00018529 0.00029480 0.00010941 0.00048092 0.00017057 0.00016281 0.00014949 0.00011118 0.00020541 0.00012478 0.00016020 0.00015698 0.00014563 0.00020698 0.00019538 0.00012992 0.00014294 0.00014080 0.00016077 0.00016741 0.00015875 0.00012058 0.00012976 0.00018082 0.00016612 0.00024342 0.00014053 0.00013929 0.00024491 0.00021874 0.00012387 0.00018220 0.00015153 0.00014675 0.00016187 0.00013325 0.00016344 0.00013654 0.00019065 0.00017581 0.00015914 0.00017568 0.00027590 0.00017510 0.00016931 0.00013372 0.00015539 0.00017285 0.00010100 0.00015927 0.00013839 0.00018652 0.00013916 0.00013413 0.00047345 0.00023137 0.00012112 0.00023538 0.00017527 0.00010571 0.00027387 0.00016214 0.00016004 0.00017530 0.00012846 0.00023176 0.00010478 0.00016252 0.00026179 0.00021630 0.00015303 0.00021253 0.00020061 0.00013564 0.00015984 0.00011352 0.00019037 0.00025175 0.00031440 0.00015627 0.00023236 0.00013972 0.00012198 0.00012532 0.00015036 0.00012910 0.00026695 0.00016035 0.00009676 0.00011703 0.00019655 0.00022644 0.00014614 0.00013607 0.00020971 0.00030282 0.00015516 0.00012262 0.00059367 0.00012468 0.00017251 0.00016700 0.00016749 0.00013489 0.00013000 0.00014197 0.00039238 0.00013004 0.00012259 0.00014893 0.00016067 0.00024376 0.00011570 0.00015306 0.00014111 0.00036783 0.00023678 0.00019547 0.00014754 0.00022785 0.00018742 0.00015733 0.00013262 0.00011960 
1204 0.00012853 0.00003416 0.00015482 0.00024545 0.00009576 0.00013407 0.00012689 0.00029048 0.00019224 0.00013896 0.00009834 0.00014259 0.00008123 0.00025317 0.00012523 0.00012820 0.00018170 0.00039385 0.00017172 0.00011597 0.00018335 0.00007817 0.00014841 0.00032171 0.00009787 0.00016378 0.00018686 0.00004341 0.00022485 0.00045710 0.00010871 0.00025443 0.00032764 0.00009671 0.00015038 0.00022280 0.00025918 0.00009080 0.00028921 0.00007594 0.00006520 0.00014794 0.00009028 0.00019980 0.00003053 0.00020870 0.00005667 0.00004055 0.00029357 0.00013763 0.00004997 0.00015811 0.00020544 0.00012474 0.00004121 0.00007990 0.00041636 0.00007416 0.00007624 0.00013824 0.00014562 0.00030900 0.00036786 0.00019007 0.00007296 0.00015295 0.00012686 0.00020760 0.00019666 0.00010617 0.00027247 0.00017362 0.00015162 0.00006672 0.00018208 0.00002976 0.00012297 0.00034456 0.00009632 0.00018082 0.00040360 0.00008223 0.00018795 0.00008911 0.00012009 0.00020514 0.00032592 0.00011587 0.00018956 0.00046438 0.00017073 0.00012704 0.00043442 0.00039424 0.00007841 0.00022249 0.00022974 0.00006414 0.00025794 0.00009533 0.00008991 0.00002842 0.00014905 0.00018596 0.00033916 0.00018999 0.00013337 0.00005149 0.00015461 0.00021493 0.00007660 0.00005343 0.00027419 0.00012390 0.00007398 0.00018457 0.00007982 0.00034076 0.00011582 0.00015227 0.00012828 0.00005335 0.00027555 0.00015801 0.00002446 0.00004393 0.00017573 0.00026975 
1207 0.00044278 0.00138091 0.00063576 0.00049000 0.00044868 0.00062455 0.00035675 0.00026988 0.00053577 0.00032294 0.00073407 0.00059180 0.00067028 0.00017616 0.00080398 0.00071042 0.00037905 0.00014054 0.00049192 0.00021406 0.00033695 0.00057631 0.00036168 0.00042774 0.00060070 0.00044301 0.00044767 0.00160290 0.00031063 0.00016391 0.00040641 0.00029156 0.00035987 0.00057482 0.00053312 0.00031588 0.00043955 0.00105245 0.00013565 0.00067978 0.00138108 0.00060111 0.00093427 0.00051193 0.00252847 0.00059951 0.00067494 0.00131974 0.00020643 0.00042505 0.00186476 0.00057724 0.00026599 0.00033517 0.00137916 0.00080606 0.00014842 0.00135911 0.00100179 0.00036957 0.00032244 0.00044505 0.00013514 0.00188476 0.00107609 0.00065712 0.00087230 0.00023518 0.00082260 0.00042255 0.00039116 0.00040366 0.00064911 0.00069687 0.00040811 0.00136735 0.00057005 0.00028182 0.00056901 0.00033070 0.00011492 0.00144302 0.00038204 0.00083459 0.00051274 0.00032072 0.00018774 0.00034127 0.00024777 0.00030431 0.00035297 0.00066174 0.00022391 0.00017370 0.00102070 0.00018431 0.00046351 0.00071872 0.00035454 0.00054846 0.00070432 0.00153119 0.00051153 0.00021549 0.00032284 0.00038677 0.00282755 0.00235654 0.00047676 0.00030575 0.00053606 0.00185269 0.00017135 0.00032493 0.00088572 0.00051698 0.00099441 0.00016905 0.00076805 0.00027825 0.00038831 0.00060559 0.00016018 0.00063047 0.00261267 0.00180726 0.00040609 0.00011918 
1210 0.00045565 0.00020980 0.00041264 0.00033488 0.00033361 0.00020158 0.00030656 0.00020528 0.00032457 0.00023821 0.00038050 0.00033433 0.00019189 0.00025098 0.00031621 0.00031898 0.00030042 0.00038032 0.00034470 0.00021749 0.00031711 0.00024655 0.00032909 0.00026993 0.00024038 0.00021141 0.00019945 0.00067472 0.00026719 0.00028040 0.00020016 0.00018794 0.00057007 0.00034578 0.00068144 0.00032948 0.00030192 0.00035910 0.00048727 0.00024830 0.00040991 0.00026032 0.00042754 0.00057387 0.00033017 0.00016169 0.00026280 0.00051864 0.00021875 0.00021786 0.00028018 0.00025823 0.00026629 0.00033091 0.00022920 0.00021028 0.00026602 0.00032276 0.00039819 0.00029323 0.00055344 0.00031608 0.00036338 0.00028810 0.00027804 0.00023250 0.00027882 0.00023878 0.00020959 0.00040221 0.00036041 0.00056227 0.00028170 0.00032671 0.00030751 0.00031547 0.00021666 0.00019219 0.00018444 0.00018972 0.00044240 0.00048217 0.00033587 0.00026194 0.00029923 0.00036424 0.00036506 0.00025117 0.00021975 0.00045192 0.00055716 0.00017139 0.00071192 0.00052276 0.00025897 0.00059828 0.00021692 0.00032827 0.00018952 0.00038922 0.00032790 0.00020781 0.00030827 0.00019013 0.00074032 0.00028524 0.00032918 0.00036019 0.00027995 0.00028878 0.00029576 0.00046051 0.00032941 0.00018448 0.00024412 0.00031136 0.00029654 0.00028086 0.00026466 0.00031005 0.00032665 0.00025476 0.00024486 0.00022839 0.00023005 0.00024025 0.00038133 0.00037984 
1213 0.00014007 0.00008509 0.00013889 0.00013344 0.00011976 0.00015374 0.00011632 0.00018199 0.00018454 0.00015729 0.00015486 0.00008339 0.00010875 0.00012102 0.00012622 0.00012276 0.00019032 0.00010005 0.00026333 0.00015571 0.00018720 0.00012688 0.00018360 0.00028412 0.00019222 0.00021865 0.00012078 0.00014692 0.00008136 0.00012594 0.00019530 0.00011263 0.00019377 0.00012707 0.00016953 0.00014247 0.00011305 0.00011387 0.00008904 0.00010427 0.00023305 0.00011219 0.00011327 0.00013612 0.00021315 0.00018053 0.00021936 0.00010580 0.00013487 0.00010059 0.00008265 0.00006484 0.00015828 0.00005454 0.00008573 0.00009424 0.00009427 0.00013406 0.00018266 0.00010622 0.00014886 0.00023398 0.00012047 0.00011760 0.00011454 0.00017028 0.00010446 0.00013886 0.00011581 0.00010780 0.00023263 0.00008980 0.00011786 0.00009953 0.00009077 0.00015887 0.00006990 0.00025769 0.00011125 0.00013961 0.00012855 0.00027029 0.00018958 0.00021177 0.00008979 0.00008969 0.00014248 0.00018357 0.00026453 0.00014813 0.00007270 0.00011896 0.00007500 0.00012360 0.00009944 0.00018406 0.00012074 0.00007997 0.00015493 0.00011816 0.00016574 0.00009295 0.00020484 0.00010367 0.00015074 0.00012906 0.00014223 0.00023500 0.00010345 0.00020811 0.00013589 0.00013267 0.00009538 0.00012202 0.00014066 0.00015310 0.00012609 0.00008157 0.00007563 0.00014635 0.00007692 0.00013369 0.00007691 0.00026664 0.00041968 0.00013555 0.00020809 0.00009859 0.00017683 0.00019057 0.00013640 0.00006431 0.00012264 0.00010861 0.00007158 0.00008661 0.00027310 0.00007638 0.00037519 0.00005709 0.00012530 0.00014243 0.00007515 0.00011044 0.00016970 0.00025670 0.00015220 0.00014481 0.00013126 0.00009054 0.00007946 0.00007898 0.00015520 0.00018583 0.00012143 0.00005691 0.00011438 0.00016254 0.00020735 0.00018571 0.00026250 0.00008510 0.00020010 0.00015773 0.00019507 0.00007377 0.00010274 0.00031401 0.00011700 0.00017987 0.00019217 0.00014848 0.00028963 0.00013856 0.00017594 0.00022919 0.00019553 0.00011996 0.00017739 0.00026643 0.00013013 0.00016369 0.00009653 0.00028525 0.00015570 0.00014835 0.00012417 0.00019873 0.00009768 0.00013749 0.00014737 0.00009550 0.00013587 0.00011314 0.00009527 0.00014967 0.00010389 0.00006639 0.00009754 0.00011149 0.00009003 0.00025421 0.00020094 0.00009262 0.00021785 0.00016788 0.00013302 0.00007075 0.00007542 0.00033276 0.00009843 0.00023604 0.00017508 0.00007284 0.00016606 0.00028577 0.00009580 0.00016474 0.00022179 0.00013278 0.00018896 0.00012021 0.00013299 0.00010525 0.00010197 0.00015271 0.00016676 0.00010524 0.00021652 0.00011848 0.00008859 0.00026904 0.00017804 0.00009938 0.00008529 0.00018154 0.00009182 0.00018098 0.00007413 0.00016337 0.00015274 0.00034817 0.00014022 0.00010936 0.00010464 0.00007262 0.00010024 0.00013391 0.00017901 0.00018970 0.00008407 0.00028465 0.00011083 0.00014471 0.00010093 0.00026117 
1216 0.00018308 0.00023581 0.00016464 0.00025719 0.00017888 0.00031239 0.00019502 0.00044970 0.00016744 0.00026307 0.00021825 0.00016190 0.00023834 0.00018369 0.00018299 0.00013901 0.00017657 0.00016016 0.00017925 0.00018821 0.00022627 0.00019768 0.00021523 0.00015673 0.00021328 0.00018604 0.00016483 0.00050283 0.00016491 0.00047699 0.00017668 0.00013792 0.00022554 0.00032496 0.00015470 0.00041358 0.00018925 0.00017855 0.00012832 0.00030992 0.00025683 0.00019762 0.00017431 0.00026941 0.00039937 0.00021689 0.00012411 0.00035488 0.00028837 0.00027608 0.00014665 0.00016196 0.00023277 0.00031805 0.00019350 0.00014768 0.00053324 0.00016414 0.00014973 0.00039517 0.00021910 0.00026875 0.00020070 0.00014601 0.00017076 0.00045395 0.00030609 0.00022066 0.00039202 0.00028773 0.00017981 0.00020149 0.00015519 0.00043605 0.00012961 0.00019091 0.00023108 0.00024633 0.00027570 0.00012908 0.00021986 0.00021756 0.00016965 0.00017107 0.00030984 0.00017820 0.00030045 0.00022300 0.00024780 0.00013871 0.00041013 0.00020965 0.00013482 0.00039452 0.00030284 0.00014265 0.00032916 0.00023606 0.00025430 0.00029008 0.00015465 0.00026212 0.00025518 0.00018083 0.00026183 0.00012983 0.00019891 0.00019963 0.00027364 0.00031895 0.00025899 0.00020103 0.00016564 0.00019093 0.00014853 0.00014473 0.00020409 0.00024234 0.00027274 0.00015306 0.00013380 0.00016112 0.00047935 0.00013397 0.00025413 0.00023790 0.00018100 0.00031820 
1219 0.00016883 0.00015385 0.00017047 0.00023589 0.00013286 0.00023159 0.00019847 0.00025866 0.00011275 0.00040819 0.00019688 0.00009850 0.00030449 0.00018469 0.00012063 0.00013466 0.00020150 0.00041094 0.00016185 0.00013589 0.00018783 0.00012752 0.00017471 0.00010303 0.00019695 0.00012408 0.00023659 0.00015903 0.00014388 0.00025637 0.00019324 0.00010352 0.00018369 0.00011076 0.00010303 0.00011002 0.00023586 0.00012940 0.00035010 0.00012068 0.00012892 0.00026714 0.00012602 0.00022298 0.00022219 0.00008823 0.00018425 0.00013811 0.00010213 0.00014331 0.00051020 0.00015996 0.00007972 0.00022415 0.00014728 0.00023112 0.00018096 0.00011624 0.00016045 0.00011829 0.00022070 0.00026134 0.00021019 0.00011283 
1222 0.00013196 0.00012769 0.00020219 0.00013945 0.00015536 0.00014116 0.00020541 0.00023613 0.00020382 0.00015770 0.00016359 0.00014086 0.00013036 0.00015871 0.00014744 0.00024143 0.00013754 0.00023035 0.00015652 0.00014025 0.00019757 0.00013097 0.00014689 0.00023713 0.00012883 0.00014467 0.00013224 0.00022249 0.00009459 0.00020500 0.00045416 0.00014977 0.00015293 0.00025128 0.00013945 0.00012312 0.00026723 0.00019038 0.00016394 0.00018614 0.00013092 0.00012529 0.00014848 0.00012392 0.00025886 0.00017101 0.00014954 0.00019646 0.00023340 0.00017825 0.00019776 0.00015999 0.00019489 0.00012078 0.00010770 0.00012033 0.00014687 0.00022005 0.00020810 0.00010834 0.00010503 0.00017522 0.00017301 0.00014935 
1225 0.00011611 0.00024705 0.00003355 0.00016871 0.00007570 0.00018439 0.00009211 0.00019777 0.00007558 0.00019638 0.00015533 0.00019776 0.00015025 0.00011388 0.00012223 0.00004943 0.00016220 0.00011542 0.00014830 0.00028050 0.00018956 0.00012427 0.00015369 0.00026970 0.00004645 0.00015826 0.00024664 0.00016381 0.00025477 0.00007515 0.00020879 0.00022870 0.00022752 0.00009609 0.00022486 0.00010800 0.00044529 0.00018644 0.00013673 0.00020042 0.00010499 0.00013859 0.00120610 0.00019812 0.00026231 0.00011003 0.00013966 0.00009233 0.00026877 0.00012344 0.00020400 0.00005994 0.00004210 0.00023901 0.00003916 0.00010270 0.00037928 0.00027937 0.00010365 0.00019554 0.00015871 0.00009839 0.00016875 0.00019304 
1228 0.00125923 0.00016332 0.00143450 0.00016560 0.00097804 0.00023547 0.00023519 0.00018418 0.00026092 0.00011449 0.00014373 0.00027980 0.00044740 0.00028346 0.00037519 0.00071119 0.00035476 0.00021729 0.00053668 0.00007868 0.00025287 0.00017661 0.00018808 0.00023459 0.00098162 0.00043240 0.00024825 0.00013436 0.00018045 0.00065286 0.00017004 0.00029552 0.00012695 0.00027806 0.00019777 0.00077700 0.00011325 0.00018036 0.00014691 0.00013535 0.00026969 0.00040270 0.00021287 0.00021552 0.00026582 0.00018358 0.00014927 0.00019508 0.00011935 0.00065978 0.00021067 0.00054488 0.00116155 0.00021633 0.00110564 0.00076066 0.00015853 0.00028166 0.00070488 0.00022684 0.00013544 0.00035974 0.00025969 0.00021108 
1231 0.00012556 0.00025889 0.00024966 0.00019491 0.00025424 0.00018202 0.00019267 0.00020707 0.00020816 0.00027537 0.00032553 0.00024611 0.00015583 0.00039439 0.00020886 0.00036564 0.00017226 0.00019632 0.00013399 0.00029973 0.00017205 0.00018881 0.00035805 0.00021631 0.00020889 0.00029024 0.00019450 0.00080085 0.00025559 0.00033402 0.00029055 0.00048908 0.00019349 0.00025868 0.00017929 0.00052681 0.00026335 0.00016892 0.00024281 0.00049081 0.00027541 0.00016988 0.00025398 0.00032491 0.00015955 0.00025469 0.00022420 0.00022965 0.00023903 0.00022840 0.00019843 0.00025204 0.00032258 0.00022811 0.00017385 0.00015272 0.00018681 0.00026277 0.00031470 0.00014419 0.00022225 0.00015291 0.00026527 0.00040550 
1234 0.00017834 0.00026300 0.00028595 0.00012487 0.00014131 0.00027685 0.00024706 0.00024803 0.00023521 0.00034812 0.00012477 0.00019983 0.00020364 0.00020182 0.00010700 0.00023640 0.00014916 0.00031858 0.00011731 0.00034042 0.00032940 0.00009760 0.00021549 0.00018441 0.00015796 0.00019989 0.00028777 0.00012040 0.00010702 0.00016456 0.00010452 0.00022271 0.00023058 0.00008640 0.00012343 0.00018055 0.00027025 0.00013031 0.00027355 0.00024630 0.00027496 0.00042505 0.00017183 0.00031334 0.00016085 0.00012426 0.00020749 0.00008586 0.00023221 0.00012166 0.00009018 0.00022438 0.00023047 0.00018004 0.00023887 0.00012652 0.00018194 0.00022095 0.00020841 0.00019231 0.00018677 0.00028470 0.00028189 0.00054326 0.00037537 0.00026443 0.00038926 0.00023155 0.00027201 0.00039956 0.00010337 0.00041081 0.00034615 0.00016733 0.00037934 0.00016175 0.00027411 0.00021061 0.00010333 0.00021185 0.00035108 0.00026530 0.00016799 0.00043773 0.00011063 0.00019440 0.00021334 0.00022328 0.00017840 0.00017354 0.00010012 0.00023537 0.00015688 0.00054952 0.00026318 0.00012129 0.00012262 0.00009278 0.00019287 0.00032168 0.00013061 0.00016588 0.00010931 0.00009732 0.00042592 0.00010272 0.00036835 0.00012050 0.00026025 0.00017719 0.00022481 0.00014875 0.00023627 0.00024303 0.00018479 0.00011664 0.00013164 0.00013217 0.00013312 0.00017171 0.00043391 0.00011387 0.00013104 0.00027761 0.00033174 0.00010317 0.00028601 0.00034581 
1237 0.00015743 0.00038769 0.00020034 0.00021165 0.00013404 0.00022298 0.00013463 0.00014723 0.00026288 0.00013051 0.00022436 0.00016366 0.00023330 0.00019398 0.00024113 0.00019260 0.00012855 0.00016905 0.00013957 0.00023159 0.00014452 0.00023174 0.00024817 0.00025743 0.00036378 0.00013083 0.00029701 0.00018286 0.00016632 0.00022646 0.00018766 0.00015793 0.00015567 0.00024757 0.00036423 0.00021566 0.00025910 0.00028306 0.00016350 0.00017949 0.00015424 0.00017630 0.00038092 0.00016046 0.00017008 0.00039057 0.00020647 0.00017540 0.00014447 0.00022350 0.00012169 0.00026147 0.00029027 0.00026708 0.00019389 0.00024648 0.00021088 0.00015880 0.00019598 0.00016329 0.00030355 0.00054059 0.00025768 0.00015122 
1240 0.00021780 0.00006999 0.00008366 0.00013813 0.00011569 0.00034252 0.00022108 0.00033470 0.00014675 0.00013742 0.00008983 0.00013954 0.00018359 0.00013123 0.00016846 0.00015419 0.00021021 0.00020142 0.00022042 0.00029979 0.00009491 0.00008462 0.00015369 0.00020791 0.00035409 0.00048561 0.00009455 0.00016558 0.00009459 0.00010212 0.00014361 0.00013170 
1243 0.00010451 0.00015074 0.00013116 0.00022798 0.00018018 0.00020307 0.00015375 0.00013397 0.00014193 0.00012894 0.00012449 0.00012729 0.00037989 0.00011816 0.00011343 0.00024639 0.00011303 0.00010644 0.00013444 0.00012357 0.00013426 0.00013043 0.00022495 0.00011881 0.00012047 0.00014576 0.00009237 0.00017930 0.00022001 0.00058396 0.00023480 0.00017229 
1246 0.00011397 0.00008177 0.00011189 0.00015802 0.00005492 0.00005631 0.00007047 0.00025495 0.00005582 0.00011529 0.00006572 0.00005843 0.00010139 0.00029384 0.00005675 0.00005298 0.00025357 0.00005311 0.00013902 0.00004919 0.00003804 0.00007486 0.00016158 0.00007892 0.00005260 0.00018096 0.00008493 0.00008222 0.00005990 0.00006152 0.00014992 0.00012667 
1249 0.00030794 0.00022497 0.00057387 0.00015020 0.00055636 0.00045571 0.00048431 0.00021990 0.00031213 0.00040389 0.00051403 0.00086592 0.00021294 0.00016187 0.00078822 0.00035612 0.00015378 0.00028623 0.00037946 0.00108669 0.00097701 0.00061046 0.00028612 0.00037071 0.00085780 0.00025284 0.00047370 0.00048461 0.00067220 0.00061083 0.00029777 0.00075519 
1252 0.00044378 0.00029606 0.00042861 0.00037036 0.00034564 0.00040746 0.00029226 0.00028465 0.00042580 0.00049646 0.00029205 0.00048364 0.00058459 0.00028835 0.00044916 0.00053922 0.00035043 0.00047614 0.00022447 0.00027576 0.00030524 0.00033640 0.00032638 0.00044810 0.00028209 0.00034826 0.00037285 0.00038865 0.00046995 0.00039115 0.00037268 0.00041320 
1255 0.00022213 0.00018647 0.00018308 0.00016655 0.00013112 0.00018918 0.00015587 0.00028527 0.00014375 0.00022553 0.00009546 0.00008528 0.00009273 0.00010755 0.00014977 0.00012374 0.00012745 0.00020009 0.00025363 0.00028375 0.00010911 0.00011878 0.00016347 0.00012160 0.00008447 0.00014818 0.00013587 0.00013386 0.00016909 0.00016811 0.00012025 0.00007549 0.00023886 0.00008434 0.00015500 0.00007765 0.00011015 0.00016447 0.00024074 0.00011957 0.00012044 0.00011374 0.00019345 0.00012161 0.00014105 0.00028510 0.00019805 0.00007671 0.00009013 0.00013718 0.00011467 0.00022457 0.00012670 0.00006434 0.00013193 0.00009048 0.00006617 0.00022677 0.00008535 0.00013220 0.00010958 0.00023769 0.00017485 0.00007554 
1258 0.00007211 0.00012231 0.00007444 0.00006566 0.00005736 0.00008316 0.00006530 0.00007954 0.00013512 0.00012435 0.00016064 0.00020025 0.00024445 0.00025808 0.00007781 0.00009302 0.00010284 0.00010881 0.00004378 0.00006195 0.00010538 0.00010704 0.00009794 0.00008930 0.00007407 0.00006501 0.00005858 0.00015017 0.00009971 0.00012987 0.00011216 0.00014260 0.00005912 0.00011620 0.00006046 0.00023550 0.00035566 0.00006201 0.00008347 0.00019250 0.00019584 0.00011337 0.00010442 0.00010622 0.00007112 0.00009135 0.00020209 0.00011431 0.00013517 0.00010392 0.00017738 0.00003714 0.00004604 0.00009360 0.00006181 0.00011639 0.00008598 0.00005557 0.00032236 0.00008150 0.00020885 0.00006499 0.00007022 0.00003481 
1261 0.00019826 0.00051046 0.00030210 0.00052652 0.00028141 0.00032706 0.00036425 0.00049545 0.00039400 0.00036662 0.00036092 0.00018700 0.00038247 0.00034480 0.00027346 0.00037133 0.00037014 0.00028397 0.00026049 0.00025629 0.00022670 0.00026360 0.00023833 0.00033961 0.00030628 0.00031334 0.00012545 0.00019414 0.00041441 0.00044526 0.00032126 0.00016322 0.00071449 0.00044734 0.00035239 0.00039546 0.00024145 0.00042621 0.00024785 0.00021148 0.00017979 0.00029841 0.00023928 0.00027848 0.00035717 0.00020210 0.00050350 0.00019766 0.00028794 0.00061936 0.00033414 0.00051968 0.00019700 0.00045839 0.00023618 0.00041684 0.00035193 0.00018236 0.00040179 0.00033604 0.00032657 0.00024853 0.00031729 0.00035990 
1264 0.00036669 0.00015681 0.00023241 0.00027118 0.00025949 0.00039271 0.00027806 0.00023466 0.00024626 0.00022875 0.00041737 0.00033917 0.00032424 0.00022274 0.00024556 0.00028206 0.00012416 0.00029627 0.00018493 0.00021984 0.00028917 0.00025906 0.00026924 0.00030201 0.00027973 0.00022574 0.00028584 0.00031904 0.00021833 0.00029414 0.00026927 0.00040181 0.00034256 0.00015924 0.00032397 0.00024136 0.00036473 0.00034637 0.00022910 0.00014341 0.00025641 0.00017777 0.00020908 0.00052795 0.00027137 0.00022925 0.00030196 0.00025697 0.00041624 0.00027271 0.00028391 0.00016857 0.00027549 0.00022729 0.00040907 0.00022774 0.00032405 0.00037833 0.00023533 0.00034800 0.00029426 0.00041388 0.00024212 0.00020570 
1267 0.00019956 0.00014701 0.00014034 0.00021470 0.00025416 0.00034710 0.00011157 0.00023632 0.00014585 0.00026596 0.00032787 0.00048873 0.00034944 0.00017923 0.00019034 0.00030965 0.00034963 0.00016202 0.00023422 0.00029937 0.00023504 0.00034797 0.00014679 0.00037379 0.00017871 0.00023378 0.00017621 0.00023078 0.00022254 0.00038805 0.00016089 0.00019426 0.00033814 0.00016127 0.00027783 0.00036241 0.00030133 0.00026795 0.00023119 0.00014520 0.00027803 0.00010829 0.00032475 0.00032362 0.00038280 0.00031321 0.00016518 0.00026527 0.00028066 0.00043516 0.00011993 0.00017615 0.00015513 0.00028160 0.00019758 0.00033497 0.00015138 0.00025934 0.00026757 0.00025755 0.00018827 0.00015802 0.00029532 0.00017714 
1270 0.00016864 0.00003672 0.00010800 0.00018219 0.00013692 0.00022451 0.00012556 0.00020270 0.00023189 0.00038984 0.00004518 0.00019486 0.00013331 0.00006131 0.00010746 0.00009918 0.00017163 0.00003793 0.00011317 0.00009736 0.00012082 0.00017293 0.00011929 0.00008279 0.00025117 0.00006968 0.00039282 0.00018772 0.00040340 0.00018876 0.00016059 0.00004441 0.00020189 0.00022133 0.00009617 0.00008994 0.00005694 0.00021153 0.00007632 0.00019193 0.00017424 0.00019036 0.00013715 0.00004512 0.00026532 0.00012410 0.00002332 0.00010039 0.00015110 0.00025048 0.00003545 0.00016038 0.00021124 0.00005757 0.00045035 0.00015416 0.00020073 0.00010480 0.00013427 0.00003388 0.00017275 0.00011252 0.00033348 0.00011008 
1273 0.00049989 0.00162611 0.00046168 0.00029757 0.00025050 0.00027597 0.00037829 0.00016772 0.00014248 0.00082644 0.00039050 0.00013609 0.00021748 0.00097758 0.00047593 0.00022938 0.00022068 0.00166829 0.00022227 0.00049575 0.00039570 0.00048392 0.00034328 0.00042020 0.00030811 0.00039508 0.00007545 0.00036340 0.00015196 0.00016210 0.00033865 0.00116349 0.00030643 0.00012974 0.00039662 0.00027896 0.00035307 0.00009703 0.00054779 0.00015209 0.00014017 0.00012111 0.00024851 0.00062645 0.00011115 0.00039231 0.00086506 0.00028819 0.00027615 0.00021170 0.00056571 0.00013126 0.00019845 0.00075162 0.00009251 0.00027648 0.00025781 0.00026967 0.00037820 0.00180465 0.00060058 0.00043812 0.00023067 0.00061988 
1276 0.00055174 0.00048198 0.00063275 0.00045191 0.00110438 0.00047452 0.00065145 0.00062680 0.00042138 0.00075343 0.00064970 0.00064229 0.00087539 0.00063747 0.00043010 0.00034913 0.00065791 0.00046992 0.00068433 0.00064496 0.00052055 0.00123258 0.00120513 0.00036016 0.00068931 0.00068648 0.00049395 0.00049933 0.00066579 0.00069175 0.00034988 0.00080134 0.00061065 0.00083384 0.00065676 0.00052950 0.00081770 0.00068463 0.00041319 0.00057546 0.00065634 0.00081099 0.00093273 0.00041449 0.00035940 0.00077407 0.00054397 0.00043279 0.00035159 0.00092126 0.00033374 0.00064675 0.00059683 0.00031044 0.00048230 0.00067942 0.00039593 0.00067709 0.00039217 0.00041882 0.00052529 0.00056895 0.00091993 0.00042964 
1279 0.00009931 0.00024418 0.00014787 0.00013058 0.00036059 0.00021457 0.00023408 0.00009283 0.00016966 0.00023858 0.00010459 0.00011947 0.00017421 0.00028342 0.00009840 0.00031759 0.00016968 0.00022567 0.00009665 0.00026223 0.00024875 0.00037582 0.00003927 0.00034290 0.00022717 0.00013153 0.00024607 0.00025399 0.00018898 0.00027387 0.00018063 0.00032620 0.00024462 0.00023497 0.00020576 0.00018283 0.00024249 0.00016491 0.00016113 0.00017421 0.00033397 0.00012730 0.00019919 0.00020968 0.00027940 0.00018376 0.00025404 0.00016919 0.00016991 0.00016246 0.00021170 0.00019462 0.00033719 0.00018929 0.00013053 0.00018987 0.00018287 0.00010152 0.00015846 0.00023838 0.00033878 0.00013718 0.00009333 0.00023339 0.00012865 0.00011219 0.00017564 0.00016862 0.00017163 0.00010095 0.00009191 0.00050866 0.00018142 0.00008160 0.00016057 0.00013977 0.00021186 0.00011927 0.00013885 0.00024598 0.00021628 0.00010814 0.00077225 0.00027397 0.00015673 0.00021923 0.00019383 0.00012954 0.00021500 0.00026292 0.00010480 0.00014808 0.00020621 0.00012863 0.00030433 0.00017609 0.00024483 0.00011740 0.00011194 0.00013151 0.00015814 0.00022940 0.00019241 0.00010073 0.00017500 0.00007482 0.00015190 0.00021366 0.00018015 0.00019129 0.00011772 0.00016296 0.00018847 0.00012206 0.00023211 0.00019537 0.00029165 0.00010184 0.00016076 0.00012939 0.00041224 0.00015817 0.00006892 0.00026269 0.00021569 0.00015845 0.00014335 0.00023678 
1282 0.00015654 0.00022461 0.00021473 0.00015039 0.00017498 0.00011560 0.00010977 0.00026435 0.00022124 0.00011015 0.00035028 0.00013778 0.00012156 0.00011377 0.00026685 0.00017731 0.00013553 0.00016262 0.00022224 0.00017835 0.00013791 0.00016865 0.00055918 0.00021201 0.00029681 0.00021798 0.00017122 0.00019143 0.00021615 0.00015946 0.00012671 0.00027437 0.00019060 0.00019243 0.00013254 0.00014310 0.00014573 0.00013527 0.00026321 0.00060287 0.00022550 0.00012279 0.00013501 0.00013815 0.00014366 0.00013278 0.00017572 0.00015753 0.00009547 0.00016636 0.00009815 0.00020192 0.00028941 0.00015766 0.00023532 0.00017908 0.00015630 0.00034078 0.00017358 0.00029460 0.00026985 0.00026262 0.00015225 0.00016863 0.00016540 0.00033797 0.00015761 0.00019575 0.00018363 0.00034669 0.00014284 0.00008962 0.00019869 0.00023558 0.00018340 0.00014287 0.00023132 0.00020524 0.00017098 0.00020577 0.00016123 0.00026360 0.00010964 0.00020126 0.00022352 0.00022694 0.00016017 0.00020786 0.00020919 0.00012227 0.00025181 0.00011333 0.00018758 0.00021921 0.00015516 0.00020845 0.00009248 0.00013880 0.00013069 0.00017627 0.00034462 0.00019467 0.00016166 0.00023141 0.00016845 0.00041023 0.00012374 0.00016269 0.00026712 0.00019943 0.00029529 0.00014889 0.00012409 0.00023620 0.00015654 0.00011895 0.00015030 0.00026213 0.00018573 0.00020467 0.00013375 0.00016179 0.00032243 0.00014549 0.00016035 0.00017899 0.00012643 0.00021507 
1285 0.00025660 0.00015530 0.00033938 0.00032340 0.00034183 0.00041815 0.00017131 0.00046262 0.00055161 0.00025950 0.00044746 0.00034779 0.00024147 0.00038730 0.00018288 0.00037464 0.00038972 0.00031131 0.00039403 0.00035766 0.00031176 0.00043393 0.00035414 0.00057259 0.00034084 0.00042730 0.00046875 0.00018042 0.00028278 0.00027560 0.00030556 0.00023268 0.00030600 0.00027109 0.00028151 0.00022535 0.00021303 0.00037322 0.00024128 0.00024207 0.00023366 0.00036064 0.00034423 0.00033153 0.00032562 0.00041551 0.00027869 0.00034480 0.00025986 0.00018686 0.00030866 0.00028347 0.00024448 0.00034902 0.00042115 0.00040483 0.00042116 0.00033194 0.00022132 0.00035077 0.00032588 0.00031880 0.00029170 0.00054317 0.00024898 0.00031033 0.00032824 0.00039760 0.00020587 0.00036378 0.00023000 0.00018521 0.00020728 0.00015893 0.00043726 0.00027807 0.00054069 0.00039710 0.00032448 0.00037272 0.00015813 0.00025369 0.00038955 0.00031733 0.00046512 0.00027221 0.00021018 0.00035141 0.00030743 0.00031625 0.00040134 0.00027130 0.00026402 0.00042896 0.00055650 0.00020253 0.00015501 0.00029853 0.00019001 0.00027185 0.00035296 0.00048152 0.00026849 0.00045588 0.00030803 0.00027483 0.00024428 0.00024637 0.00024227 0.00030776 0.00055872 0.00036732 0.00028785 0.00037014 0.00046569 0.00035782 0.00035661 0.00015711 0.00032598 0.00033406 0.00057851 0.00040301 0.00026490 0.00021910 0.00025312 0.00038718 0.00029774 0.00041957 
1288 0.00017412 0.00022202 0.00010735 0.00024087 0.00046452 0.00022752 0.00021406 0.00015213 0.00028118 0.00018561 0.00032028 0.00024619 0.00022483 0.00032296 0.00021936 0.00033520 0.00025229 0.00026964 0.00028482 0.00045483 0.00031147 0.00017290 0.00049846 0.00018719 0.00025000 0.00020751 0.00049068 0.00016598 0.00024665 0.00021941 0.00026149 0.00023968 0.00031031 0.00015469 0.00013522 0.00022407 0.00013477 0.00039755 0.00018890 0.00028436 0.00023049 0.00016149 0.00023773 0.00017637 0.00029962 0.00023890 0.00053505 0.00026323 0.00023062 0.00017984 0.00031984 0.00041958 0.00031867 0.00030131 0.00027365 0.00022955 0.00018938 0.00025631 0.00018696 0.00033377 0.00017921 0.00032827 0.00017539 0.00022468 0.00024072 0.00018638 0.00014750 0.00028005 0.00024252 0.00024251 0.00024202 0.00018252 0.00019932 0.00015701 0.00027291 0.00051448 0.00017873 0.00016028 0.00026794 0.00032902 0.00023694 0.00037047 0.00032603 0.00021543 0.00027873 0.00033299 0.00025275 0.00017936 0.00022700 0.00023736 0.00026722 0.00020417 0.00014719 0.00049598 0.00017154 0.00041904 0.00032539 0.00021305 0.00020137 0.00024622 0.00022712 0.00019744 0.00025742 0.00024676 0.00015366 0.00023590 0.00020612 0.00034084 0.00018498 0.00019776 0.00027223 0.00024655 0.00022148 0.00017646 0.00023198 0.00018067 0.00019734 0.00022022 0.00020532 0.00023278 0.00021220 0.00026401 0.00049554 0.00023299 0.00015404 0.00028038 0.00015201 0.00019107 
1291 0.00031318 0.00016910 0.00027384 0.00028273 0.00026800 0.00028813 0.00038969 0.00016640 0.00040219 0.00023139 0.00018337 0.00021794 0.00018007 0.00020464 0.00017134 0.00019577 0.00020925 0.00031441 0.00043829 0.00032435 0.00047440 0.00028899 0.00013580 0.00024302 0.00027315 0.00018236 0.00018465 0.00069754 0.00016687 0.00023940 0.00022097 0.00029849 0.00022865 0.00014271 0.00020444 0.00016989 0.00019346 0.00022894 0.00022522 0.00026661 0.00031615 0.00018614 0.00023132 0.00023331 0.00021989 0.00032525 0.00031614 0.00021310 0.00021398 0.00013583 0.00030588 0.00015239 0.00024567 0.00021820 0.00022525 0.00045848 0.00019536 0.00024994 0.00021204 0.00022841 0.00023685 0.00022408 0.00022178 0.00031376 0.00019381 0.00033639 0.00020090 0.00025752 0.00034114 0.00024128 0.00027998 0.00025786 0.00028087 0.00020320 0.00026970 0.00018458 0.00018665 0.00022863 0.00027339 0.00034335 0.00028081 0.00035491 0.00062903 0.00013327 0.00024726 0.00022547 0.00015465 0.00027056 0.00025725 0.00019690 0.00039574 0.00023389 0.00031662 0.00024510 0.00027112 0.00019374 0.00035775 0.00021006 0.00026331 0.00026926 0.00019653 0.00029205 0.00026189 0.00017599 0.00030844 0.00027994 0.00024842 0.00018375 0.00015960 0.00032463 0.00024252 0.00017797 0.00047291 0.00022807 0.00014470 0.00019170 0.00020330 0.00047575 0.00034374 0.00017951 0.00020838 0.00017214 0.00020355 0.00036032 0.00015066 0.00024243 0.00021637 0.00030867 
1294 0.00018683 0.00018194 0.00023140 0.00046281 0.00023070 0.00017612 0.00068954 0.00026086 0.00032653 0.00022627 0.00019106 0.00017920 0.00028492 0.00032716 0.00027427 0.00022186 0.00042200 0.00025547 0.00030986 0.00025992 0.00019547 0.00030242 0.00032397 0.00021285 0.00029368 0.00022293 0.00050225 0.00025342 0.00041098 0.00020540 0.00058064 0.00035813 0.00029005 0.00041792 0.00029956 0.00029053 0.00021720 0.00020488 0.00022537 0.00060570 0.00015724 0.00031332 0.00022018 0.00041892 0.00022756 0.00031599 0.00033342 0.00028333 0.00033759 0.00036077 0.00018150 0.00033694 0.00025589 0.00042047 0.00023641 0.00034380 0.00024868 0.00022398 0.00027405 0.00021796 0.00031847 0.00026978 0.00053057 0.00028791 0.00031454 0.00021928 0.00029204 0.00048244 0.00022014 0.00020281 0.00032169 0.00029152 0.00025684 0.00030316 0.00024429 0.00045272 0.00023616 0.00032209 0.00017579 0.00045570 0.00015627 0.00024176 0.00023407 0.00031677 0.00043515 0.00041316 0.00023181 0.00029906 0.00033203 0.00014975 0.00027441 0.00021669 0.00045899 0.00033327 0.00024656 0.00029555 0.00053229 0.00028812 0.00027532 0.00027045 0.00041163 0.00023940 0.00014899 0.00039563 0.00054332 0.00029153 0.00020915 0.00028756 0.00024886 0.00025798 0.00034868 0.00018439 0.00023867 0.00020297 0.00020763 0.00023133 0.00064324 0.00038657 0.00025187 0.00043777 0.00050876 0.00024915 0.00058887 0.00022721 0.00014493 0.00027790 0.00020699 0.00021787 
1297 0.00034488 0.00027779 0.00042210 0.00024567 0.00085089 0.00082787 0.00034397 0.00024865 0.00026145 0.00051188 0.00042925 0.00033685 0.00027373 0.00042309 0.00025604 0.00056225 0.00028637 0.00057976 0.00035483 0.00040390 0.00044759 0.00053930 0.00015160 0.00059844 0.00056995 0.00048414 0.00029976 0.00042437 0.00046550 0.00076364 0.00016374 0.00024254 0.00044015 0.00044953 0.00054978 0.00044515 0.00053197 0.00057305 0.00045843 0.00027136 0.00095112 0.00029464 0.00025863 0.00024966 0.00032001 0.00026857 0.00022803 0.00030013 0.00020014 0.00038218 0.00033203 0.00040858 0.00022159 0.00023018 0.00034621 0.00042565 0.00062606 0.00042411 0.00027968 0.00042657 0.00045996 0.00031181 0.00042555 0.00024692 0.00059567 0.00029702 0.00041643 0.00028773 0.00054036 0.00025818 0.00039231 0.00042727 0.00027655 0.00033610 0.00082491 0.00052318 0.00036245 0.00029261 0.00046420 0.00016151 0.00070076 0.00052711 0.00048423 0.00046306 0.00049284 0.00020186 0.00024372 0.00023576 0.00026170 0.00050387 0.00024180 0.00026608 0.00030975 0.00026740 0.00021698 0.00044059 0.00018588 0.00030150 0.00045862 0.00029100 0.00038219 0.00030947 0.00041110 0.00031927 0.00044246 0.00026118 0.00034215 0.00031211 0.00024921 0.00012570 0.00026298 0.00039720 0.00022153 0.00048750 0.00067401 0.00026664 0.00039857 0.00032218 0.00034194 0.00027830 0.00034016 0.00054350 0.00029586 0.00034447 0.00036430 0.00040197 0.00024146 0.00095531 
1300 0.00020206 0.00015674 0.00032469 0.00036572 0.00031668 0.00024898 0.00032334 0.00025390 0.00041923 0.00021563 0.00015823 0.00027864 0.00035368 0.00015998 0.00035560 0.00017945 0.00027629 0.00037764 0.00019563 0.00022277 0.00029016 0.00031304 0.00028883 0.00035186 0.00025011 0.00026266 0.00025187 0.00019516 0.00042768 0.00033964 0.00011375 0.00027954 0.00023147 0.00030564 0.00048641 0.00018595 0.00037819 0.00017391 0.00022196 0.00020679 0.00020977 0.00024412 0.00032869 0.00023144 0.00036277 0.00022597 0.00024830 0.00022389 0.00022150 0.00054086 0.00019325 0.00027534 0.00028927 0.00026820 0.00027200 0.00025272 0.00024536 0.00021768 0.00021437 0.00019002 0.00023488 0.00022235 0.00036631 0.00031823 0.00027859 0.00024518 0.00014265 0.00029124 0.00021003 0.00022083 0.00027213 0.00026389 0.00022864 0.00021603 0.00021501 0.00029674 0.00020690 0.00029936 0.00026670 0.00019788 0.00029826 0.00024599 0.00024763 0.00011487 0.00035482 0.00031471 0.00018893 0.00029039 0.00027483 0.00022336 0.00016209 0.00021391 0.00017978 0.00015077 0.00028459 0.00018922 0.00016501 0.00023481 0.00027958 0.00045800 0.00022661 0.00014316 0.00022498 0.00033274 0.00026795 0.00025120 0.00017838 0.00023666 0.00031881 0.00022162 0.00017232 0.00022405 0.00021290 0.00019147 0.00028466 0.00024124 0.00015987 0.00029028 0.00019713 0.00035058 0.00013845 0.00021749 0.00024117 0.00057882 0.00025152 0.00040105 0.00032527 0.00020312 
1303 0.00032004 0.00014014 0.00015225 0.00013440 0.00017872 0.00020522 0.00025376 0.00018661 0.00019492 0.00027774 0.00018207 0.00021754 0.00024661 0.00027755 0.00020861 0.00013211 0.00025621 0.00014238 0.00018129 0.00019270 0.00014644 0.00015185 0.00025390 0.00017452 0.00020113 0.00019299 0.00021318 0.00020520 0.00022624 0.00017936 0.00023606 0.00022110 0.00019813 0.00012711 0.00018026 0.00023526 0.00012756 0.00019070 0.00020916 0.00020087 0.00011873 0.00015574 0.00026220 0.00021982 0.00026950 0.00014742 0.00021751 0.00015361 0.00016799 0.00013463 0.00018182 0.00015089 0.00030636 0.00020850 0.00018698 0.00016594 0.00018333 0.00018340 0.00014638 0.00021685 0.00022672 0.00019777 0.00021541 0.00022632 0.00016490 0.00017204 0.00016496 0.00020502 0.00017281 0.00044577 0.00025343 0.00021526 0.00022077 0.00017294 0.00019047 0.00018066 0.00015003 0.00027385 0.00044420 0.00017569 0.00023002 0.00020772 0.00014045 0.00024241 0.00017835 0.00018170 0.00014379 0.00014390 0.00018478 0.00029054 0.00015159 0.00037330 0.00015658 0.00018261 0.00015050 0.00018209 0.00012650 0.00016952 0.00021534 0.00031315 0.00029022 0.00030793 0.00034556 0.00016309 0.00021875 0.00020431 0.00035820 0.00016233 0.00013100 0.00021657 0.00026645 0.00015176 0.00023652 0.00018696 0.00018564 0.00014437 0.00025523 0.00015491 0.00026597 0.00020089 0.00020506 0.00024290 0.00021798 0.00030021 0.00011193 0.00025299 0.00014719 0.00018060 0.00018358 0.00015613 0.00032072 0.00015773 0.00012179 0.00018370 0.00032622 0.00019123 0.00026061 0.00020510 0.00025849 0.00027577 0.00024890 0.00021102 0.00018551 0.00022469 0.00014218 0.00014949 0.00017527 0.00019054 0.00021673 0.00020248 0.00025043 0.00016439 0.00027584 0.00017139 0.00024434 0.00039136 0.00020007 0.00029480 0.00016140 0.00022355 0.00019283 0.00013860 0.00039349 0.00020870 0.00016290 0.00017912 0.00015881 0.00028687 0.00019575 0.00024279 0.00014708 0.00014744 0.00015766 0.00037123 0.00031001 0.00032485 0.00023233 0.00023177 0.00022863 0.00014436 0.00016000 0.00020163 0.00018953 0.00027010 0.00019240 0.00020508 0.00021445 0.00025277 0.00030191 0.00021799 0.00018507 0.00027654 0.00020648 0.00031793 0.00030897 0.00014647 0.00032989 0.00021651 0.00023609 0.00015606 0.00011221 0.00025965 0.00015834 0.00017328 0.00016044 0.00030284 0.00018315 0.00025260 0.00041829 0.00021474 0.00035612 0.00019509 0.00013270 0.00034929 0.00017310 0.00026283 0.00033200 0.00014644 0.00014285 0.00026306 0.00016325 0.00021606 0.00031030 0.00018342 0.00016583 0.00021103 0.00020055 0.00025180 0.00035486 0.00024586 0.00023006 0.00028673 0.00023867 0.00027945 0.00016797 0.00019360 0.00015685 0.00022544 0.00022868 0.00019351 0.00021062 0.00021175 0.00018520 0.00021039 0.00021985 0.00019446 0.00055299 0.00025594 0.00025993 0.00029817 0.00026300 0.00020068 0.00030344 0.00018383 0.00017651 0.00021250 
1306 0.00014722 0.00010038 0.00025903 0.00020355 0.00020601 0.00035833 0.00025368 0.00016666 0.00017859 0.00025643 0.00019992 0.00015194 0.00014973 0.00027421 0.00009300 0.00016614 0.00023871 0.00021437 0.00020985 0.00009455 0.00031481 0.00017624 0.00010463 0.00020726 0.00017991 0.00019637 0.00022653 0.00034662 0.00014016 0.00016252 0.00018216 0.00006110 0.00037508 0.00015691 0.00019138 0.00020934 0.00015285 0.00014586 0.00014468 0.00017269 0.00006891 0.00012582 0.00024755 0.00014432 0.00007124 0.00011978 0.00022162 0.00009302 0.00023259 0.00012312 0.00021949 0.00013131 0.00021358 0.00007537 0.00015571 0.00011255 0.00012338 0.00010516 0.00017592 0.00011668 0.00032977 0.00025800 0.00012914 0.00025520 
1309 0.00055759 0.00026569 0.00000000 0.00036637 0.00019775 0.00009819 0.00034697 0.00026082 0.00014980 0.00015181 0.00027132 0.00009093 0.00039869 0.00021151 0.00044583 0.00016244 0.00030323 0.00068770 0.00022322 0.00022491 0.00018714 0.00055432 0.00024740 0.00020538 0.00011737 0.00013829 0.00013612 0.00047191 0.00024998 0.00014770 0.00009456 0.00114327 0.00010566 0.00016307 0.00027857 0.00027364 0.00045772 0.00040896 0.00029748 0.00025575 0.00035361 0.00024319 0.00027574 0.00024697 0.00016005 0.00055792 0.00024023 0.00033166 0.00009385 0.00032113 0.00073556 0.00011548 0.00038787 0.00024177 0.00030771 0.00031073 0.00056772 0.00035919 0.00025398 0.00019958 0.00013219 0.00014189 0.00009655 0.00012303 
1312 0.00037792 0.00024850 0.00029555 0.00019967 0.00039619 0.00045506 0.00051876 0.00011793 0.00029112 0.00102180 0.00019590 0.00041507 0.00047596 0.00093105 0.00037129 0.00032820 0.00039928 0.00038179 0.00021643 0.00022867 0.00043143 0.00053316 0.00027801 0.00016384 0.00043071 0.00018914 0.00079968 0.00059245 0.00054343 0.00041248 0.00050276 0.00040674 0.00028050 0.00037242 0.00024583 0.00031201 0.00049760 0.00048152 0.00034774 0.00041799 0.00053129 0.00050000 0.00024337 0.00038404 0.00025233 0.00028316 0.00038642 0.00031590 0.00050205 0.00025311 0.00057725 0.00033742 0.00033402 0.00025195 0.00031347 0.00037316 0.00032683 0.00037883 0.00054348 0.00042031 0.00049096 0.00051556 0.00068310 0.00037030 
1315 0.00016316 0.00213876 0.00058769 0.00026241 0.00032025 0.00027659 0.00020163 0.00191858 0.00140347 0.00045202 0.00026958 0.00193949 0.00051630 0.00013238 0.00131047 0.00040666 0.00025224 0.00016292 0.00030914 0.00046878 0.00015136 0.00020507 0.00045388 0.00090639 0.00107231 0.00088929 0.00023412 0.00017029 0.00030974 0.00024063 0.00029737 0.00031142 0.00025421 0.00017108 0.00038345 0.00028582 0.00020664 0.00036058 0.00033310 0.00036339 0.00031292 0.00018500 0.00051570 0.00023716 0.00025940 0.00062997 0.00019052 0.00026212 0.00014879 0.00031613 0.00017525 0.00036757 0.00027819 0.00030549 0.00032129 0.00030237 0.00140160 0.00027823 0.00020562 0.00018056 0.00035946 0.00035806 0.00014825 0.00021417 
1318 0.00120383 0.00140172 0.00137896 0.00390696 0.00172584 0.00140907 0.00137132 0.00146986 0.00171456 0.00157495 0.00125715 0.00185670 0.00368125 0.00137775 0.00136827 0.00158283 0.00128594 0.00146714 0.00180630 0.00156779 0.00156047 0.00156135 0.00172650 0.00218970 0.00170891 0.00159641 0.00161326 0.00167306 0.00163190 0.00144577 0.00173195 0.00149245 0.00120744 0.00158830 0.00178045 0.00174826 0.00173605 0.00169521 0.00189691 0.00101400 0.00137382 0.00208639 0.00148921 0.00136067 0.00182618 0.00191252 0.00140424 0.00144404 0.00171023 0.00144185 0.00184722 0.00132108 0.00122286 0.00154907 0.00190039 0.00150848 0.00170179 0.00261087 0.00159791 0.00138040 0.00152706 0.00189575 0.00158674 0.00183468 
608 0.00097094 0.00064551 0.00062007 0.00058159 0.00047875 0.00044881 0.00061560 0.00053152 0.00056178 0.00072121 0.00063175 0.00050815 0.00079922 0.00045179 0.00053558 0.00042627 0.00052736 0.00058592 0.00065748 0.00056837 0.00048773 0.00045113 0.00048720 0.00054276 0.00052689 0.00059497 0.00053292 0.00050830 0.00047232 0.00061426 0.00050828 0.00052168 0.00056469 0.00061520 0.00049775 0.00062963 0.00059295 0.00061356 0.00049047 0.00087655 0.00062698 0.00083328 0.00053033 0.00054211 0.00056770 0.00073046 0.00064131 0.00053760 0.00052168 0.00053799 0.00061727 0.00062350 0.00046830 0.00053747 0.00064784 0.00056897 0.00064084 0.00053595 0.00053186 0.00034166 0.00052696 0.00057879 0.00054593 0.00076266 0.00052469 0.00063491 0.00048323 0.00053392 0.00055943 0.00041219 0.00045528 0.00063088 0.00046223 0.00060684 0.00079835 0.00056703 0.00047405 0.00051801 0.00041426 0.00057475 
1321 0.00020842 0.00013625 0.00041957 0.00039473 0.00037307 0.00025351 0.00020810 0.00068167 0.00025509 0.00017391 0.00038900 0.00025268 0.00071664 0.00014761 0.00065615 0.00033420 0.00046663 0.00081624 0.00036432 0.00056498 0.00012965 0.00036268 0.00044170 0.00019010 0.00018683 0.00015896 0.00008536 0.00146821 0.00071704 0.00026041 0.00047828 0.00206592 0.00019247 0.00044956 0.00050368 0.00020469 0.00046907 0.00028185 0.00069543 0.00055575 0.00031087 0.00060760 0.00063234 0.00033986 0.00117587 0.00024370 0.00037859 0.00028174 0.00007252 0.00027052 0.00060325 0.00024086 0.00016607 0.00013803 0.00037533 0.00027821 0.00053960 0.00068380 0.00026948 0.00041925 0.00025528 0.00022504 0.00018852 0.00019182 
1324 0.00016879 0.00017536 0.00028761 0.00169540 0.00014914 0.00037666 0.00069241 0.00152835 0.00063923 0.00051043 0.00036078 0.00036023 0.00073197 0.00052476 0.00041458 0.00107401 0.00095697 0.00008965 0.00073994 0.00032406 0.00037168 0.00111318 0.00016083 0.00102530 0.00231167 0.00079564 0.00015749 0.00146195 0.00077991 0.00019007 0.00009218 0.00015997 0.00064529 0.00047763 0.00059890 0.00038562 0.00025902 0.00060365 0.00135773 0.00076908 0.00081032 0.00042245 0.00032726 0.00088074 0.00061610 0.00147828 0.00080513 0.00144400 0.00045800 0.00178179 0.00032273 0.00049244 0.00043516 0.00248126 0.00019784 0.00037498 0.00102777 0.00019457 0.00024841 0.00154407 0.00106563 0.00070408 0.00029451 0.00011143 
1327 0.00190969 0.00384234 0.00118553 0.00314403 0.00251284 0.00037885 0.00057729 0.00317061 0.00113543 0.00047003 0.00336127 0.00045770 0.00299634 0.00061646 0.00283352 0.00089753 0.00126353 0.00357165 0.00064065 0.00085008 0.00429278 0.00079677 0.00304062 0.00055039 0.00024362 0.00043856 0.00402101 0.00107908 0.00103917 0.00155486 0.00668640 0.00476841 0.00390455 0.00784587 0.00136457 0.00776738 0.00406026 0.00073499 0.00066541 0.00372873 0.00081593 0.00229901 0.00110181 0.00539821 0.00146316 0.00050652 0.00029527 0.00119818 0.00270557 0.00044210 0.00462139 0.00144691 0.00139734 0.00295616 0.00379698 0.00078555 0.00120930 0.00126872 0.00131010 0.00173216 0.00062175 0.00043913 0.00239861 0.00336527 
1330 0.00111072 0.00048686 0.00066994 0.00062476 0.00058646 0.00111181 0.00144863 0.00062515 0.00031189 0.00030817 0.00061374 0.00075179 0.00092423 0.00248082 0.00069467 0.00030642 0.00047277 0.00055340 0.00076996 0.00376503 0.00040674 0.00341767 0.00099091 0.00121782 0.00021046 0.00027956 0.00043105 0.00041156 0.00040052 0.00026830 0.00032276 0.00096826 0.00064226 0.00096020 0.00122230 0.00044156 0.00097234 0.00021634 0.00086748 0.00017228 0.00022346 0.00030738 0.00049709 0.00206281 0.00159273 0.00055123 0.00087351 0.00074691 0.00070538 0.00039066 0.00054227 0.00052325 0.00084851 0.00032620 0.00022825 0.00084348 0.00038440 0.00193155 0.00108751 0.00024737 0.00042727 0.00085656 0.00033974 0.00049259 
614 0.00067602 0.00061298 0.00037023 0.00033432 
620 0.00118603 
1333 0.00021827 0.00031412 0.00010785 0.00017040 0.00019745 0.00020077 0.00030414 0.00015840 0.00010545 0.00013941 0.00015529 0.00025580 0.00024064 0.00017217 0.00030536 0.00025141 0.00018823 0.00016079 0.00014965 0.00010944 0.00015125 0.00020953 0.00015942 0.00015152 0.00011872 0.00022714 0.00027035 0.00012643 0.00015656 0.00017060 0.00018066 0.00012112 0.00028016 0.00012061 0.00010812 0.00031796 0.00017401 0.00019606 0.00019096 0.00007231 0.00022055 0.00018640 0.00016467 0.00018910 0.00021241 0.00019125 0.00020999 0.00021267 0.00021862 0.00017577 0.00013571 0.00020124 0.00011990 0.00011899 0.00021677 0.00026031 0.00019866 0.00015729 0.00010770 0.00022023 0.00011485 0.00017727 0.00016700 0.00013461 
1336 0.00017782 0.00041605 0.00031956 0.00020616 0.00085264 0.00026597 0.00046199 0.00026117 0.00041999 0.00012480 0.00011539 0.00013779 0.00013111 0.00021903 0.00010408 0.00012799 0.00010110 0.00028438 0.00034555 0.00044437 0.00075756 0.00032899 0.00069790 0.00017294 0.00019869 0.00026969 0.00008840 0.00018247 0.00028689 0.00010511 0.00014011 0.00057725 0.00016650 0.00037191 0.00011624 0.00061767 0.00039947 0.00009711 0.00012394 0.00061571 0.00010239 0.00047185 0.00030227 0.00016509 0.00028169 0.00029006 0.00034166 0.00035478 0.00012204 0.00036101 0.00016469 0.00023331 0.00150173 0.00014129 0.00016440 0.00016338 0.00013598 0.00009906 0.00016532 0.00012999 0.00024419 0.00029518 0.00017383 0.00045646 
1339 0.00021385 0.00055701 0.00036291 0.00025964 0.00031289 0.00024802 0.00038763 0.00053360 0.00025375 0.00024632 0.00040627 0.00018776 0.00037454 0.00025040 0.00032048 0.00030072 0.00016681 0.00036910 0.00025236 0.00022376 0.00020010 0.00028347 0.00056212 0.00018433 0.00016624 0.00045024 0.00033720 0.00036374 0.00025745 0.00030394 0.00019428 0.00040351 0.00016935 0.00044691 0.00018211 0.00020984 0.00026931 0.00033558 0.00031367 0.00018814 0.00053315 0.00056895 0.00014004 0.00031667 0.00031167 0.00025566 0.00041741 0.00030719 0.00032943 0.00031113 0.00039230 0.00041640 0.00027065 0.00024813 0.00022801 0.00035228 0.00037123 0.00029082 0.00017523 0.00029033 0.00031552 0.00049732 0.00035298 0.00049694 
1342 0.00092295 0.00070176 0.00019617 0.00016570 0.00051468 0.00053167 0.00019282 0.00028370 0.00021125 0.00016761 0.00129209 0.00019494 0.00029827 0.00025869 0.00021701 0.00244801 0.00023761 0.00021198 0.00037024 0.00057460 0.00065268 0.00063140 0.00028973 0.00031834 0.00025927 0.00028511 0.00025261 0.00053458 0.00070358 0.00015692 0.00032437 0.00029267 0.00018608 0.00123693 0.00032121 0.00028888 0.00041958 0.00016597 0.00014419 0.00029637 0.00267896 0.00011949 0.00026314 0.00053718 0.00026858 0.00017920 0.00059395 0.00044581 0.00208539 0.00024608 0.00036052 0.00015048 0.00065131 0.00014591 0.00040301 0.00032733 0.00015977 0.00027738 0.00029141 0.00187747 0.00028794 0.00021144 0.00079676 0.00017878 
1345 0.00132718 0.00166355 0.00118805 0.00123160 0.00088940 0.00129514 0.00150286 0.00107890 0.00118587 0.00157699 0.00099533 0.00270639 0.00152092 0.00196410 0.00107433 0.00119055 0.00179838 0.00135945 0.00137479 0.00108275 0.00105436 0.00094233 0.00089095 0.00137838 0.00083673 0.00185576 0.00117912 0.00096693 0.00199794 0.00124707 0.00089329 0.00133048 0.00100423 0.00206062 0.00101067 0.00183491 0.00099240 0.00109045 0.00098420 0.00102821 0.00111056 0.00111662 0.00135849 0.00130067 0.00096796 0.00127374 0.00155619 0.00111739 0.00135828 0.00122999 0.00150214 0.00093737 0.00127489 0.00144595 0.00091459 0.00166556 0.00170372 0.00082546 0.00119656 0.00224785 0.00138814 0.00117143 0.00146319 0.00096155 
610 0.00072299 0.00032250 0.00058095 0.00026912 0.00027026 0.00031545 0.00032990 0.00047834 0.00038138 0.00039644 0.00032137 0.00036322 0.00030490 0.00036405 0.00045743 0.00037391 0.00044696 0.00039849 0.00036724 0.00042759 0.00031006 0.00029464 0.00042141 0.00033355 0.00034088 0.00048052 0.00040074 0.00033443 0.00037175 0.00037176 0.00029841 0.00035044 0.00021877 0.00038312 0.00029790 0.00026707 0.00034339 0.00036938 0.00030179 0.00033843 0.00029322 0.00042658 0.00035703 0.00028748 0.00038470 0.00050300 0.00034001 0.00037841 0.00055252 0.00039811 0.00035411 0.00035333 0.00031727 0.00033251 0.00037206 0.00038589 0.00060136 0.00040550 0.00040037 0.00027605 0.00034712 0.00034618 0.00037188 0.00036283 0.00024797 0.00026558 0.00032962 0.00027692 0.00029064 0.00032614 0.00024869 0.00035755 0.00035621 0.00041699 0.00035490 0.00036479 0.00030153 0.00032333 0.00021054 0.00030240 
1348 0.00029919 0.00089014 0.00050061 0.00037988 0.00148245 0.00023530 0.00030091 0.00035062 0.00071625 0.00028439 0.00020456 0.00033453 0.00031272 0.00048362 0.00036010 0.00021312 0.00017851 0.00073086 0.00087938 0.00015405 0.00098217 0.00104633 0.00037479 0.00025535 0.00039569 0.00080874 0.00015450 0.00056354 0.00061381 0.00017887 0.00015154 0.00038434 0.00057182 0.00049011 0.00057409 0.00054441 0.00041060 0.00011659 0.00013781 0.00120464 0.00015559 0.00068574 0.00031513 0.00042439 0.00036948 0.00015884 0.00060185 0.00028038 0.00018673 0.00053240 0.00021467 0.00032151 0.00095249 0.00017916 0.00053996 0.00042269 0.00044256 0.00014944 0.00023053 0.00024893 0.00058788 0.00065071 0.00049532 0.00037897 
1351 0.00010085 0.00020832 0.00064123 0.00042381 0.00012883 0.00003806 0.00050165 0.00018887 0.00033803 0.00067164 0.00046326 0.00011061 0.00022631 0.00042631 0.00052352 0.00015183 0.00017388 0.00043815 0.00010102 0.00020988 0.00028271 0.00086869 0.00048055 0.00035505 0.00081335 0.00025259 0.00017685 0.00077298 0.00031261 0.00059147 0.00041647 0.00071910 0.00018762 0.00056056 0.00026395 0.00082338 0.00025903 0.00012271 0.00050013 0.00035122 0.00057218 0.00021415 0.00035438 0.00004366 0.00029386 0.00000001 0.00027369 0.00016617 0.00031253 0.00015665 0.00015396 0.00077572 0.00046919 0.00019029 0.00040135 0.00019239 0.00022613 0.00021949 0.00050978 0.00014418 0.00032235 0.00021442 0.00040414 0.00019119 
1354 0.00234406 0.00166499 0.00042164 0.00016991 0.00135200 0.00301297 0.00019482 0.00242895 0.00199366 0.00347005 0.00015384 0.00137735 0.00227367 0.00042054 0.00013922 0.00072307 0.00085399 0.00270247 0.00249815 0.00090046 0.00195754 0.00078055 0.00322760 0.00108799 0.00034033 0.00055364 0.00066465 0.00034968 0.00038750 0.00035786 0.00049709 0.00089285 0.00075441 0.00341650 0.00057716 0.00116660 0.00156519 0.00091458 0.00126800 0.00037066 0.00087777 0.00157642 0.00051318 0.00082939 0.00174268 0.00000022 0.00132995 0.00135680 0.00332008 0.00040777 0.00136534 0.00091224 0.00089179 0.00193421 0.00034324 0.00098370 0.00054120 0.00032719 0.00094916 0.00022805 0.00049398 0.00697150 0.00141834 0.00378400 
1357 0.00017134 0.00083323 0.00074385 0.00055596 0.00024237 0.00073516 0.00026457 0.00021227 0.00046314 0.00070033 0.00015944 0.00081701 0.00031603 0.00013406 0.00034032 0.00025650 0.00161369 0.00139197 0.00049456 0.00034445 0.00018677 0.00027374 0.00041242 0.00027694 0.00024134 0.00049440 0.00017266 0.00014557 0.00015724 0.00048193 0.00040271 0.00029838 0.00183445 0.00008635 0.00038004 0.00048120 0.00029961 0.00135333 0.00301493 0.00140031 0.00166986 0.00170936 0.00042864 0.00039000 0.00022042 0.00134973 0.00026425 0.00140126 0.00077321 0.00127209 0.00020107 0.00122112 0.00233861 0.00039924 0.00100361 0.00033738 0.00043456 0.00050909 0.00024094 0.00018779 0.00072500 0.00081192 0.00034765 0.00032311 
616 0.00057343 0.00053769 0.00028151 0.00031917 
622 0.00108023 
1360 0.00008547 0.00020677 0.00012031 0.00010903 0.00009051 0.00012694 0.00016465 0.00009836 0.00013455 0.00010683 0.00011127 0.00014842 0.00009390 0.00016769 0.00013207 0.00009501 0.00012853 0.00015917 0.00009732 0.00014982 0.00026077 0.00016272 0.00014022 0.00017139 0.00017449 0.00018559 0.00016714 0.00012769 0.00007900 0.00008125 0.00014176 0.00012554 0.00027903 0.00017909 0.00012808 0.00011626 0.00011781 0.00020745 0.00016074 0.00011385 0.00026548 0.00010046 0.00016881 0.00014727 0.00013136 0.00007707 0.00014470 0.00011764 0.00014573 0.00015634 0.00020172 0.00015229 0.00012928 0.00013669 0.00009793 0.00018430 0.00012689 0.00012149 0.00007488 0.00013990 0.00011429 0.00024119 0.00013968 0.00011426 
1363 0.00015325 0.00015563 0.00026923 0.00014115 0.00058947 0.00012120 0.00014055 0.00012752 0.00020504 0.00018353 0.00017557 0.00011086 0.00025265 0.00022245 0.00010331 0.00054598 0.00000000 0.00023045 0.00016390 0.00023151 0.00023499 0.00021976 0.00011709 0.00011125 0.00012297 0.00020548 0.00013031 0.00025193 0.00023925 0.00000000 0.00009899 0.00021876 0.00020747 0.00020519 0.00015504 0.00029416 0.00024519 0.00024820 0.00020737 0.00019207 0.00013784 0.00031473 0.00106740 0.00013188 0.00011622 0.00039611 0.00023077 0.00052459 0.00021238 0.00012795 0.00020417 0.00040508 0.00012750 0.00020263 0.00040360 0.00154305 0.00036998 0.00026203 0.00024794 0.00014972 0.00018584 0.00037704 0.00019665 0.00014658 
1366 0.00049145 0.00029363 0.00021651 0.00062232 0.00023035 0.00028607 0.00037636 0.00026799 0.00027455 0.00040991 0.00048974 0.00034276 0.00030821 0.00030691 0.00022920 0.00043384 0.00046695 0.00025090 0.00028171 0.00030600 0.00048611 0.00069165 0.00027937 0.00038250 0.00050059 0.00061272 0.00034479 0.00052286 0.00030690 0.00051665 0.00067422 0.00048171 0.00032478 0.00038942 0.00032026 0.00023913 0.00026734 0.00057578 0.00034363 0.00037695 0.00037729 0.00022627 0.00038243 0.00065960 0.00039437 0.00014734 0.00035058 0.00027348 0.00029103 0.00054385 0.00081463 0.00039678 0.00046398 0.00031268 0.00057657 0.00050300 0.00064920 0.00041284 0.00031069 0.00035846 0.00035847 0.00045618 0.00049968 0.00036683 
1369 0.00013332 0.00042427 0.00017121 0.00016024 0.00018680 0.00029826 0.00019085 0.00020883 0.00020253 0.00090373 0.00041329 0.00020950 0.00087319 0.00024304 0.00078655 0.00021328 0.00022792 0.00021034 0.00022620 0.00021370 0.00015668 0.00041219 0.00049056 0.00014114 0.00226020 0.00277982 0.00035833 0.00015023 0.00016675 0.00022839 0.00019958 0.00023295 0.00018160 0.00016315 0.00053390 0.00020514 0.00022727 0.00022354 0.00138761 0.00022037 0.00017852 0.00019104 0.00023917 0.00016785 0.00014545 0.00075835 0.00015100 0.00033051 0.00020476 0.00076274 0.00017924 0.00015989 0.00019254 0.00038080 0.00017105 0.00016414 0.00013843 0.00023853 0.00051956 0.00019344 0.00015791 0.00039591 0.00018684 0.00015272 
1372 0.00075629 0.00252434 0.00123472 0.00086275 0.00110372 0.00200551 0.00093173 0.00089630 0.00089222 0.00110016 0.00096947 0.00127134 0.00104001 0.00106995 0.00086244 0.00104233 0.00052726 0.00132643 0.00100580 0.00109887 0.00114293 0.00099723 0.00088001 0.00093944 0.00072520 0.00064546 0.00092762 0.00156379 0.00097040 0.00056525 0.00085611 0.00111162 0.00076064 0.00097605 0.00075499 0.00089386 0.00116862 0.00117948 0.00089444 0.00097460 0.00069174 0.00066205 0.00080622 0.00107466 0.00075627 0.00149253 0.00085617 0.00116728 0.00097679 0.00067730 0.00117289 0.00109591 0.00092654 0.00082306 0.00092167 0.00086348 0.00084181 0.00129959 0.00125076 0.00117995 0.00143296 0.00080308 0.00081768 0.00106064 
612 0.00040098 0.00016550 0.00021065 0.00021353 0.00021070 0.00018789 0.00021766 0.00025356 0.00019474 0.00014795 0.00019940 0.00014890 0.00016779 0.00024603 0.00017966 0.00014947 0.00019584 0.00019999 0.00020385 0.00019990 0.00018191 0.00017183 0.00016851 0.00019357 0.00014974 0.00018638 0.00018765 0.00015465 0.00019067 0.00008758 0.00017526 0.00019454 0.00014424 0.00019166 0.00011197 0.00010986 0.00021532 0.00014793 0.00010698 0.00016162 0.00015421 0.00015501 0.00006191 0.00011583 0.00007470 0.00021660 0.00016768 0.00012884 0.00013229 0.00010063 0.00021439 0.00015069 0.00016396 0.00019505 0.00010814 0.00015772 0.00024551 0.00026874 0.00019115 0.00025323 0.00032713 0.00018583 0.00019086 0.00017831 0.00007806 0.00010702 0.00015310 0.00013267 0.00013762 0.00017928 0.00007539 0.00024424 0.00018858 0.00017885 0.00018173 0.00018889 0.00019508 0.00014834 0.00006793 0.00006290 
1375 0.00024816 0.00022625 0.00029928 0.00016239 0.00121156 0.00031318 0.00027857 0.00025114 0.00033573 0.00031894 0.00092530 0.00013721 0.00045333 0.00037697 0.00026878 0.00065958 0.00018553 0.00026160 0.00011573 0.00039525 0.00021952 0.00044478 0.00015995 0.00025638 0.00023260 0.00020394 0.00013059 0.00012301 0.00015347 0.00052589 0.00016923 0.00039214 0.00023699 0.00023866 0.00020231 0.00038173 0.00033687 0.00026424 0.00048539 0.00011283 0.00074739 0.00027046 0.00137325 0.00014197 0.00018868 0.00042404 0.00030578 0.00018131 0.00036530 0.00015665 0.00023907 0.00039897 0.00015530 0.00050936 0.00039565 0.00164765 0.00043744 0.00049292 0.00066755 0.00031322 0.00012616 0.00035321 0.00035351 0.00045392 
1378 0.00045992 0.00033880 0.00036621 0.00033345 0.00038195 0.00034269 0.00022156 0.00058414 0.00029441 0.00016819 0.00013081 0.00024884 0.00040319 0.00041102 0.00045384 0.00013945 0.00070043 0.00015547 0.00032817 0.00028598 0.00042424 0.00043461 0.00040472 0.00036199 0.00019895 0.00024192 0.00014295 0.00044015 0.00076818 0.00010213 0.00034841 0.00051775 0.00019646 0.00016067 0.00032656 0.00025895 0.00024643 0.00045928 0.00023099 0.00057722 0.00071542 0.00063437 0.00012555 0.00010964 0.00032423 0.00018467 0.00062193 0.00019242 0.00015674 0.00020406 0.00062749 0.00026932 0.00021360 0.00042253 0.00025197 0.00068185 0.00051837 0.00039173 0.00053685 0.00060975 0.00043248 0.00042512 0.00050139 0.00046121 
1381 0.00015142 0.00046315 0.00017123 0.00043070 0.00018804 0.00036793 0.00091635 0.00043812 0.00028727 0.00119655 0.00056497 0.00204556 0.00056910 0.00047803 0.00044346 0.00126052 0.00046716 0.00042258 0.00030358 0.00229911 0.00014573 0.00024944 0.00030676 0.00035436 0.00012110 0.00069017 0.00108565 0.00039436 0.00113484 0.00035354 0.00026666 0.00014643 0.00116249 0.00508676 0.00022226 0.00014445 0.00040759 0.00045422 0.00066485 0.00013987 0.00029510 0.00133063 0.00085164 0.00096811 0.00035844 0.00029421 0.00025037 0.00024227 0.00080233 0.00044509 0.00055708 0.00038022 0.00038009 0.00182609 0.00080853 0.00010298 0.00017626 0.00052964 0.00015392 0.00035994 0.00013142 0.00012513 0.00011495 0.00178197 
1384 0.00074746 0.00033898 0.00024860 0.00027475 0.00091277 0.00070375 0.00110774 0.00056188 0.00099238 0.00026663 0.00063747 0.00043437 0.00113952 0.00039001 0.00029958 0.00035130 0.00012534 0.00056892 0.00064572 0.00105190 0.00023831 0.00021653 0.00019911 0.00034980 0.00036760 0.00027871 0.00071465 0.00054148 0.00094216 0.00028408 0.00054189 0.00045294 0.00098190 0.00034493 0.00012565 0.00029442 0.00053800 0.00031035 0.00153468 0.00012829 0.00163749 0.00090219 0.00039176 0.00078543 0.00012857 0.00018526 0.00073867 0.00019237 0.00103967 0.00012673 0.00011172 0.00012119 0.00057363 0.00037746 0.00108351 0.00021063 0.00023244 0.00019848 0.00022669 0.00017325 0.00027735 0.00185815 0.00045880 0.00061057 
618 0.00030091 0.00029380 0.00016970 0.00017497 
624 0.00054396 
